    5.2249999999999996e-01
    5.7250000000000001e-01
    6.2250000000000005e-01
    6.7249999999999999e-01
    7.2250000000000003e-01
    7.7249999999999996e-01
    8.2250000000000001e-01
    8.7250000000000005e-01
    9.2249999999999999e-01
    9.7250000000000003e-01
    1.0225000000000000e+00
    1.0725000000000000e+00
    1.1225000000000001e+00
    1.1725000000000001e+00
    1.2224999999999999e+00
    1.2725000000000000e+00
    1.3225000000000000e+00
    1.3725000000000001e+00
    1.4225000000000001e+00
    1.4724999999999999e+00
    1.5225000000000000e+00
    1.5725000000000000e+00
    1.6225000000000001e+00
    1.6725000000000001e+00
    1.7225000000000001e+00
    1.7725000000000000e+00
    1.8225000000000000e+00
    1.8725000000000001e+00
    1.9225000000000001e+00
    1.9725000000000001e+00
    2.0225000000000000e+00
    2.0725000000000002e+00
    2.1225000000000001e+00
    2.1724999999999999e+00
    2.2225000000000001e+00
    2.2725000000000000e+00
    2.3225000000000002e+00
    2.3725000000000001e+00
    2.4224999999999999e+00
    2.4725000000000001e+00
    2.5225000000000000e+00
    2.5725000000000002e+00
    2.6225000000000001e+00
    2.6724999999999999e+00
    2.7225000000000001e+00
    2.7725000000000000e+00
    2.8225000000000002e+00
    2.8725000000000001e+00
    2.9224999999999999e+00
    2.9725000000000001e+00
    3.0225000000000000e+00
    3.0725000000000002e+00
    3.1225000000000001e+00
    3.1724999999999999e+00
    3.2225000000000001e+00
    3.2725000000000000e+00
    3.3225000000000002e+00
    3.3725000000000001e+00
    3.4224999999999999e+00
    3.4725000000000001e+00
    3.5225000000000000e+00
    3.5725000000000002e+00
    3.6225000000000001e+00
    3.6724999999999999e+00
    3.7225000000000001e+00
    3.7725000000000000e+00
    3.8225000000000002e+00
    3.8725000000000001e+00
    3.9224999999999999e+00
    3.9725000000000001e+00
    4.0225000000000000e+00
    4.0724999999999998e+00
    4.1225000000000005e+00
    4.1725000000000003e+00
    4.2225000000000001e+00
    4.2725000000000000e+00
    4.3224999999999998e+00
    4.3725000000000005e+00
    4.4225000000000003e+00
    4.4725000000000001e+00
    4.5225000000000000e+00
    4.5724999999999998e+00
    4.6225000000000005e+00
    4.6725000000000003e+00
    4.7225000000000001e+00
    4.7725000000000000e+00
    4.8224999999999998e+00
    4.8725000000000005e+00
    4.9225000000000003e+00
    4.9725000000000001e+00
    5.0225000000000000e+00
    5.0724999999999998e+00
    5.1225000000000005e+00
    5.1725000000000003e+00
    5.2225000000000001e+00
    5.2725000000000000e+00
    5.3224999999999998e+00
    5.3725000000000005e+00
    5.4225000000000003e+00
    5.4725000000000001e+00
    5.2249999999999996e-01
    5.7250000000000001e-01
    6.2250000000000005e-01
    6.7249999999999999e-01
    7.2250000000000003e-01
    7.7249999999999996e-01
    8.2250000000000001e-01
    8.7250000000000005e-01
    9.2249999999999999e-01
    9.7250000000000003e-01
    1.0225000000000000e+00
    1.0725000000000000e+00
    1.1225000000000001e+00
    1.1725000000000001e+00
    1.2224999999999999e+00
    1.2725000000000000e+00
    1.3225000000000000e+00
    1.3725000000000001e+00
    1.4225000000000001e+00
    1.4724999999999999e+00
    1.5225000000000000e+00
    1.5725000000000000e+00
    1.6225000000000001e+00
    1.6725000000000001e+00
    1.7225000000000001e+00
    1.7725000000000000e+00
    1.8225000000000000e+00
    1.8725000000000001e+00
    1.9225000000000001e+00
    1.9725000000000001e+00
    2.0225000000000000e+00
    2.0725000000000002e+00
    2.1225000000000001e+00
    2.1724999999999999e+00
    2.2225000000000001e+00
    2.2725000000000000e+00
    2.3225000000000002e+00
    2.3725000000000001e+00
    2.4224999999999999e+00
    2.4725000000000001e+00
    2.5225000000000000e+00
    2.5725000000000002e+00
    2.6225000000000001e+00
    2.6724999999999999e+00
    2.7225000000000001e+00
    2.7725000000000000e+00
    2.8225000000000002e+00
    2.8725000000000001e+00
    2.9224999999999999e+00
    2.9725000000000001e+00
    3.0225000000000000e+00
    3.0725000000000002e+00
    3.1225000000000001e+00
    3.1724999999999999e+00
    3.2225000000000001e+00
    3.2725000000000000e+00
    3.3225000000000002e+00
    3.3725000000000001e+00
    3.4224999999999999e+00
    3.4725000000000001e+00
    3.5225000000000000e+00
    3.5725000000000002e+00
    3.6225000000000001e+00
    3.6724999999999999e+00
    3.7225000000000001e+00
    3.7725000000000000e+00
    3.8225000000000002e+00
    3.8725000000000001e+00
    3.9224999999999999e+00
    3.9725000000000001e+00
    4.0225000000000000e+00
    4.0724999999999998e+00
    4.1225000000000005e+00
    4.1725000000000003e+00
    4.2225000000000001e+00
    4.2725000000000000e+00
    4.3224999999999998e+00
    4.3725000000000005e+00
    4.4225000000000003e+00
    4.4725000000000001e+00
    4.5225000000000000e+00
    4.5724999999999998e+00
    4.6225000000000005e+00
    4.6725000000000003e+00
    4.7225000000000001e+00
    4.7725000000000000e+00
    4.8224999999999998e+00
    4.8725000000000005e+00
    4.9225000000000003e+00
    4.9725000000000001e+00
    5.0225000000000000e+00
    5.0724999999999998e+00
    5.1225000000000005e+00
    5.1725000000000003e+00
    5.2225000000000001e+00
    5.2725000000000000e+00
    5.3224999999999998e+00
    5.3725000000000005e+00
    5.4225000000000003e+00
    5.4725000000000001e+00
