&FCI NORB= 20,NELEC= 5,MS2= 1,
ORBSYM=0,0,0,0,0,0,0,0,0,0,0,0,0,0,0,0,0,0,0,0
UHF=True
/
1.23710575317  0.0  9  9  10  10
0.206587126347  0.0  9  10  10  9
1.23710575317  0.0  9  9  8  8
0.206587126347  0.0  9  8  8  9
0.206587126347  0.0  10  9  9  10
1.23710575317  0.0  10  10  9  9
0.863438894159  0.0  10  10  8  8
0.437063306111  0.0  10  8  8  10
0.206587126347  0.0  8  9  9  8
1.23710575317  0.0  8  8  9  9
0.437063306111  0.0  8  10  10  8
0.863438894159  0.0  8  8  10  10
0.0000000000000  0.0  0  0  0  0
1.23710575317  0.0  4  4  5  5
0.206587126347  0.0  4  5  5  4
0.863438894159  0.0  4  4  6  6
0.437063306111  0.0  4  6  6  4
0.206587126347  0.0  5  4  4  5
1.23710575317  0.0  5  5  4  4
1.23710575317  0.0  5  5  6  6
0.206587126347  0.0  5  6  6  5
0.437063306111  0.0  6  4  4  6
0.863438894159  0.0  6  6  4  4
0.206587126347  0.0  6  5  5  6
1.23710575317  0.0  6  6  5  5
0.0000000000000  0.0  0  0  0  0
1.23710575317  0.0  9  9  4  4
0.206587126347  0.0  9  8  4  5
1.65028000587  0.0  9  9  5  5
-0.206587126347  0.0  9  10  5  6
-0.206587126347  0.0  9  8  5  4
1.23710575317  0.0  9  9  6  6
0.206587126347  0.0  9  10  6  5
0.863438894159  0.0  10  10  4  4
0.437063306111  0.0  10  8  4  6
0.206587126347  0.0  10  9  5  6
1.23710575317  0.0  10  10  5  5
-0.206587126347  0.0  10  9  6  5
1.73756550638  0.0  10  10  6  6
0.437063306111  0.0  10  8  6  4
-0.206587126347  0.0  8  9  4  5
0.437063306111  0.0  8  10  4  6
1.73756550638  0.0  8  8  4  4
0.206587126347  0.0  8  9  5  4
1.23710575317  0.0  8  8  5  5
0.437063306111  0.0  8  10  6  4
0.863438894159  0.0  8  8  6  6
0.0000000000000  0.0  0  0  0  0
-8.55019595241  0.0  9  9  0   0 
-0.430205055819  0.0  9  1  0   0 
-0.0547200916865  0.0  9  2  0   0 
-0.0444550703367  0.0  9  3  0   0 
-0.00597041975784  0.0  9  4  0   0 
-0.208056408381  0.0  9  5  0   0 
0.103560827154  0.0  9  6  0   0 
0.0096220032545  0.0  9  7  0   0 
-0.139912378669  0.0  9  10  0   0 
0.00391869048464  0.0  9  8  0   0 
-0.430205055819  0.0  1  9  0   0 
-8.88351890484  0.0  1  1  0   0 
1.30166269295e-09  0.0  1  3  0   0 
1.06635563287  0.0  1  10  0   0 
0.129800230588  0.0  1  8  0   0 
-0.0547200916865  0.0  2  9  0   0 
-6.53279279848  0.0  2  2  0   0 
7.46183393951e-10  0.0  2  3  0   0 
2.09703169706e-05  0.0  2  4  0   0 
0.006000987044  0.0  2  5  0   0 
-0.00165939191288  0.0  2  6  0   0 
0.0837245246096  0.0  2  10  0   0 
-0.960034254301  0.0  2  8  0   0 
-0.0444550703367  0.0  3  9  0   0 
1.30166269295e-09  0.0  3  1  0   0 
7.46183393951e-10  0.0  3  2  0   0 
-7.85934602264  0.0  3  3  0   0 
1.89375215572e-05  0.0  3  4  0   0 
-2.51953080237e-07  0.0  3  5  0   0 
0.0747148500035  0.0  3  10  0   0 
0.0078341743767  0.0  3  8  0   0 
-0.00597041975784  0.0  4  9  0   0 
2.09703169706e-05  0.0  4  2  0   0 
1.89375215572e-05  0.0  4  3  0   0 
-7.23625694269  0.0  4  4  0   0 
0.00530356755903  0.0  4  5  0   0 
-2.44276871464e-08  0.0  4  6  0   0 
0.0145132976678  0.0  4  10  0   0 
0.00608328249959  0.0  4  8  0   0 
-0.208056408381  0.0  5  9  0   0 
0.006000987044  0.0  5  2  0   0 
-2.51953080237e-07  0.0  5  3  0   0 
0.00530356755903  0.0  5  4  0   0 
-6.98041790969  0.0  5  5  0   0 
-4.54043942096e-06  0.0  5  6  0   0 
0.526740705272  0.0  5  10  0   0 
0.117254078719  0.0  5  8  0   0 
0.103560827154  0.0  6  9  0   0 
-0.00165939191288  0.0  6  2  0   0 
-2.44276871464e-08  0.0  6  4  0   0 
-4.54043942096e-06  0.0  6  5  0   0 
-6.09823633259  0.0  6  6  0   0 
0.0439346334983  0.0  6  10  0   0 
-0.0214217989589  0.0  6  8  0   0 
0.0096220032545  0.0  7  9  0   0 
-1.06629527371  0.0  7  7  0   0 
-0.0600791935798  0.0  7  10  0   0 
0.839342698186  0.0  7  8  0   0 
-0.139912378669  0.0  10  9  0   0 
1.06635563287  0.0  10  1  0   0 
0.0837245246096  0.0  10  2  0   0 
0.0747148500035  0.0  10  3  0   0 
0.0145132976678  0.0  10  4  0   0 
0.526740705272  0.0  10  5  0   0 
0.0439346334983  0.0  10  6  0   0 
-0.0600791935798  0.0  10  7  0   0 
-8.0356752392  0.0  10  10  0   0 
-0.0138524958752  0.0  10  8  0   0 
0.00391869048464  0.0  8  9  0   0 
0.129800230588  0.0  8  1  0   0 
-0.960034254301  0.0  8  2  0   0 
0.0078341743767  0.0  8  3  0   0 
0.00608328249959  0.0  8  4  0   0 
0.117254078719  0.0  8  5  0   0 
-0.0214217989589  0.0  8  6  0   0 
0.839342698186  0.0  8  7  0   0 
-0.0138524958752  0.0  8  10  0   0 
-34.3742270035  0.0  8  8  0   0 
0.0000000000000  0.0  0  0  0  0
-34.3749262775  0.0  4  4  0   0 
0.0127820819842  0.0  4  5  0   0 
-0.0119125991005  0.0  4  6  0   0 
0.13201864957  0.0  4  1  0   0 
-0.957477671816  0.0  4  2  0   0 
0.00926430650788  0.0  4  3  0   0 
0.00773308941922  0.0  4  4  0   0 
0.112010668216  0.0  4  5  0   0 
-0.0163827214547  0.0  4  6  0   0 
0.838108411514  0.0  4  7  0   0 
0.0127820819842  0.0  5  4  0   0 
-8.55127431641  0.0  5  5  0   0 
-0.139208025061  0.0  5  6  0   0 
-0.430269093822  0.0  5  1  0   0 
-0.0543941889133  0.0  5  2  0   0 
-0.0444527939074  0.0  5  3  0   0 
-0.00596907874221  0.0  5  4  0   0 
-0.208119629913  0.0  5  5  0   0 
0.103554206641  0.0  5  6  0   0 
0.00938994686192  0.0  5  7  0   0 
-0.0119125991005  0.0  6  4  0   0 
-0.139208025061  0.0  6  5  0   0 
-8.0372825758  0.0  6  6  0   0 
1.06628385098  0.0  6  1  0   0 
0.0836129431514  0.0  6  2  0   0 
0.0746972234785  0.0  6  3  0   0 
0.014502904049  0.0  6  4  0   0 
0.526795410716  0.0  6  5  0   0 
0.0439302364949  0.0  6  6  0   0 
-0.0601558562292  0.0  6  7  0   0 
0.13201864957  0.0  1  4  0   0 
-0.430269093822  0.0  1  5  0   0 
1.06628385098  0.0  1  6  0   0 
-8.88355820744  0.0  1  1  0   0 
1.30694402445e-09  0.0  1  3  0   0 
-0.957477671816  0.0  2  4  0   0 
-0.0543941889133  0.0  2  5  0   0 
0.0836129431514  0.0  2  6  0   0 
-6.5326355108  0.0  2  2  0   0 
7.45479319288e-10  0.0  2  3  0   0 
2.09529581278e-05  0.0  2  4  0   0 
0.00598923330015  0.0  2  5  0   0 
-0.00164773516342  0.0  2  6  0   0 
0.00926430650788  0.0  3  4  0   0 
-0.0444527939074  0.0  3  5  0   0 
0.0746972234785  0.0  3  6  0   0 
1.30694402445e-09  0.0  3  1  0   0 
7.45479319288e-10  0.0  3  2  0   0 
-7.8593470165  0.0  3  3  0   0 
1.89598185267e-05  0.0  3  4  0   0 
-2.52255234619e-07  0.0  3  5  0   0 
0.00773308941922  0.0  4  4  0   0 
-0.00596907874221  0.0  4  5  0   0 
0.014502904049  0.0  4  6  0   0 
2.09529581278e-05  0.0  4  2  0   0 
1.89598185267e-05  0.0  4  3  0   0 
-7.23625763199  0.0  4  4  0   0 
0.00530212676931  0.0  4  5  0   0 
-2.45772379673e-08  0.0  4  6  0   0 
0.112010668216  0.0  5  4  0   0 
-0.208119629913  0.0  5  5  0   0 
0.526795410716  0.0  5  6  0   0 
0.00598923330015  0.0  5  2  0   0 
-2.52255234619e-07  0.0  5  3  0   0 
0.00530212676931  0.0  5  4  0   0 
-6.98036635811  0.0  5  5  0   0 
-4.5537298981e-06  0.0  5  6  0   0 
-0.0163827214547  0.0  6  4  0   0 
0.103554206641  0.0  6  5  0   0 
0.0439302364949  0.0  6  6  0   0 
-0.00164773516342  0.0  6  2  0   0 
-2.45772379673e-08  0.0  6  4  0   0 
-4.5537298981e-06  0.0  6  5  0   0 
-6.09822979859  0.0  6  6  0   0 
0.838108411514  0.0  7  4  0   0 
0.00938994686192  0.0  7  5  0   0 
-0.0601558562292  0.0  7  6  0   0 
-1.06626430001  0.0  7  7  0   0 
0.0000000000000  0.0  0  0  0  0
