              10 
               5 
               3 
               2 
              30 
 -8.883518904840000729e+00   0.000000000000000000e+00 
  0.000000000000000000e+00   0.000000000000000000e+00 
  0.000000000000000000e+00   0.000000000000000000e+00 
  0.000000000000000000e+00   0.000000000000000000e+00 
  0.000000000000000000e+00   0.000000000000000000e+00 
  0.000000000000000000e+00   0.000000000000000000e+00 
  0.000000000000000000e+00   0.000000000000000000e+00 
  1.298002305879999985e-01   0.000000000000000000e+00 
 -4.302050558189999818e-01   0.000000000000000000e+00 
  1.066355632869999903e+00   0.000000000000000000e+00 
  0.000000000000000000e+00   0.000000000000000000e+00 
  0.000000000000000000e+00   0.000000000000000000e+00 
  0.000000000000000000e+00   0.000000000000000000e+00 
  0.000000000000000000e+00   0.000000000000000000e+00 
  0.000000000000000000e+00   0.000000000000000000e+00 
  0.000000000000000000e+00   0.000000000000000000e+00 
  0.000000000000000000e+00   0.000000000000000000e+00 
  0.000000000000000000e+00   0.000000000000000000e+00 
  0.000000000000000000e+00   0.000000000000000000e+00 
  0.000000000000000000e+00   0.000000000000000000e+00 
  0.000000000000000000e+00   0.000000000000000000e+00 
 -6.532792798480000052e+00   0.000000000000000000e+00 
  0.000000000000000000e+00   0.000000000000000000e+00 
  2.097031697059999932e-05   0.000000000000000000e+00 
  6.000987043999999986e-03   0.000000000000000000e+00 
 -1.659391912879999969e-03   0.000000000000000000e+00 
  0.000000000000000000e+00   0.000000000000000000e+00 
 -9.600342543009999785e-01   0.000000000000000000e+00 
 -5.472009168650000116e-02   0.000000000000000000e+00 
  8.372452460960000398e-02   0.000000000000000000e+00 
  0.000000000000000000e+00   0.000000000000000000e+00 
  0.000000000000000000e+00   0.000000000000000000e+00 
  0.000000000000000000e+00   0.000000000000000000e+00 
  0.000000000000000000e+00   0.000000000000000000e+00 
  0.000000000000000000e+00   0.000000000000000000e+00 
  0.000000000000000000e+00   0.000000000000000000e+00 
  0.000000000000000000e+00   0.000000000000000000e+00 
  0.000000000000000000e+00   0.000000000000000000e+00 
  0.000000000000000000e+00   0.000000000000000000e+00 
  0.000000000000000000e+00   0.000000000000000000e+00 
  0.000000000000000000e+00   0.000000000000000000e+00 
  0.000000000000000000e+00   0.000000000000000000e+00 
 -7.859346022639999596e+00   0.000000000000000000e+00 
  1.893752155720000111e-05   0.000000000000000000e+00 
 -2.519530802370000092e-07   0.000000000000000000e+00 
  0.000000000000000000e+00   0.000000000000000000e+00 
  0.000000000000000000e+00   0.000000000000000000e+00 
  7.834174376700000358e-03   0.000000000000000000e+00 
 -4.445507033670000052e-02   0.000000000000000000e+00 
  7.471485000350000516e-02   0.000000000000000000e+00 
  0.000000000000000000e+00   0.000000000000000000e+00 
  0.000000000000000000e+00   0.000000000000000000e+00 
  0.000000000000000000e+00   0.000000000000000000e+00 
  0.000000000000000000e+00   0.000000000000000000e+00 
  0.000000000000000000e+00   0.000000000000000000e+00 
  0.000000000000000000e+00   0.000000000000000000e+00 
  0.000000000000000000e+00   0.000000000000000000e+00 
  0.000000000000000000e+00   0.000000000000000000e+00 
  0.000000000000000000e+00   0.000000000000000000e+00 
  0.000000000000000000e+00   0.000000000000000000e+00 
  0.000000000000000000e+00   0.000000000000000000e+00 
  2.097031697059999932e-05   0.000000000000000000e+00 
  1.893752155720000111e-05   0.000000000000000000e+00 
 -7.236256942689999860e+00   0.000000000000000000e+00 
  5.303567559029999726e-03   0.000000000000000000e+00 
 -2.442768714640000158e-08   0.000000000000000000e+00 
  0.000000000000000000e+00   0.000000000000000000e+00 
  6.083282499590000197e-03   0.000000000000000000e+00 
 -5.970419757840000202e-03   0.000000000000000000e+00 
  1.451329766780000072e-02   0.000000000000000000e+00 
  0.000000000000000000e+00   0.000000000000000000e+00 
  0.000000000000000000e+00   0.000000000000000000e+00 
  0.000000000000000000e+00   0.000000000000000000e+00 
  0.000000000000000000e+00   0.000000000000000000e+00 
  0.000000000000000000e+00   0.000000000000000000e+00 
  0.000000000000000000e+00   0.000000000000000000e+00 
  0.000000000000000000e+00   0.000000000000000000e+00 
  0.000000000000000000e+00   0.000000000000000000e+00 
  0.000000000000000000e+00   0.000000000000000000e+00 
  0.000000000000000000e+00   0.000000000000000000e+00 
  0.000000000000000000e+00   0.000000000000000000e+00 
  6.000987043999999986e-03   0.000000000000000000e+00 
 -2.519530802370000092e-07   0.000000000000000000e+00 
  5.303567559029999726e-03   0.000000000000000000e+00 
 -6.980417909689999867e+00   0.000000000000000000e+00 
 -4.540439420960000069e-06   0.000000000000000000e+00 
  0.000000000000000000e+00   0.000000000000000000e+00 
  1.172540787189999961e-01   0.000000000000000000e+00 
 -2.080564083810000076e-01   0.000000000000000000e+00 
  5.267407052720000094e-01   0.000000000000000000e+00 
  0.000000000000000000e+00   0.000000000000000000e+00 
  0.000000000000000000e+00   0.000000000000000000e+00 
  0.000000000000000000e+00   0.000000000000000000e+00 
  0.000000000000000000e+00   0.000000000000000000e+00 
  0.000000000000000000e+00   0.000000000000000000e+00 
  0.000000000000000000e+00   0.000000000000000000e+00 
  0.000000000000000000e+00   0.000000000000000000e+00 
  0.000000000000000000e+00   0.000000000000000000e+00 
  0.000000000000000000e+00   0.000000000000000000e+00 
  0.000000000000000000e+00   0.000000000000000000e+00 
  0.000000000000000000e+00   0.000000000000000000e+00 
 -1.659391912879999969e-03   0.000000000000000000e+00 
  0.000000000000000000e+00   0.000000000000000000e+00 
 -2.442768714640000158e-08   0.000000000000000000e+00 
 -4.540439420960000069e-06   0.000000000000000000e+00 
 -6.098236332589999975e+00   0.000000000000000000e+00 
  0.000000000000000000e+00   0.000000000000000000e+00 
 -2.142179895889999991e-02   0.000000000000000000e+00 
  1.035608271540000014e-01   0.000000000000000000e+00 
  4.393463349829999920e-02   0.000000000000000000e+00 
  0.000000000000000000e+00   0.000000000000000000e+00 
  0.000000000000000000e+00   0.000000000000000000e+00 
  0.000000000000000000e+00   0.000000000000000000e+00 
  0.000000000000000000e+00   0.000000000000000000e+00 
  0.000000000000000000e+00   0.000000000000000000e+00 
  0.000000000000000000e+00   0.000000000000000000e+00 
  0.000000000000000000e+00   0.000000000000000000e+00 
  0.000000000000000000e+00   0.000000000000000000e+00 
  0.000000000000000000e+00   0.000000000000000000e+00 
  0.000000000000000000e+00   0.000000000000000000e+00 
  0.000000000000000000e+00   0.000000000000000000e+00 
  0.000000000000000000e+00   0.000000000000000000e+00 
  0.000000000000000000e+00   0.000000000000000000e+00 
  0.000000000000000000e+00   0.000000000000000000e+00 
  0.000000000000000000e+00   0.000000000000000000e+00 
  0.000000000000000000e+00   0.000000000000000000e+00 
 -1.066295273709999991e+00   0.000000000000000000e+00 
  8.393426981860000469e-01   0.000000000000000000e+00 
  9.622003254499999700e-03   0.000000000000000000e+00 
 -6.007919357980000263e-02   0.000000000000000000e+00 
  0.000000000000000000e+00   0.000000000000000000e+00 
  0.000000000000000000e+00   0.000000000000000000e+00 
  0.000000000000000000e+00   0.000000000000000000e+00 
  0.000000000000000000e+00   0.000000000000000000e+00 
  0.000000000000000000e+00   0.000000000000000000e+00 
  0.000000000000000000e+00   0.000000000000000000e+00 
  0.000000000000000000e+00   0.000000000000000000e+00 
  0.000000000000000000e+00   0.000000000000000000e+00 
  0.000000000000000000e+00   0.000000000000000000e+00 
  0.000000000000000000e+00   0.000000000000000000e+00 
  1.298002305879999985e-01   0.000000000000000000e+00 
 -9.600342543009999785e-01   0.000000000000000000e+00 
  7.834174376700000358e-03   0.000000000000000000e+00 
  6.083282499590000197e-03   0.000000000000000000e+00 
  1.172540787189999961e-01   0.000000000000000000e+00 
 -2.142179895889999991e-02   0.000000000000000000e+00 
  8.393426981860000469e-01   0.000000000000000000e+00 
 -3.437422700350000326e+01   0.000000000000000000e+00 
  3.918690484639999853e-03   0.000000000000000000e+00 
 -1.385249587520000041e-02   0.000000000000000000e+00 
  0.000000000000000000e+00   0.000000000000000000e+00 
  0.000000000000000000e+00   0.000000000000000000e+00 
  0.000000000000000000e+00   0.000000000000000000e+00 
  0.000000000000000000e+00   0.000000000000000000e+00 
  0.000000000000000000e+00   0.000000000000000000e+00 
  0.000000000000000000e+00   0.000000000000000000e+00 
  0.000000000000000000e+00   0.000000000000000000e+00 
  0.000000000000000000e+00   0.000000000000000000e+00 
  0.000000000000000000e+00   0.000000000000000000e+00 
  0.000000000000000000e+00   0.000000000000000000e+00 
 -4.302050558189999818e-01   0.000000000000000000e+00 
 -5.472009168650000116e-02   0.000000000000000000e+00 
 -4.445507033670000052e-02   0.000000000000000000e+00 
 -5.970419757840000202e-03   0.000000000000000000e+00 
 -2.080564083810000076e-01   0.000000000000000000e+00 
  1.035608271540000014e-01   0.000000000000000000e+00 
  9.622003254499999700e-03   0.000000000000000000e+00 
  3.918690484639999853e-03   0.000000000000000000e+00 
 -8.550195952410000189e+00   0.000000000000000000e+00 
 -1.399123786689999982e-01   0.000000000000000000e+00 
  0.000000000000000000e+00   0.000000000000000000e+00 
  0.000000000000000000e+00   0.000000000000000000e+00 
  0.000000000000000000e+00   0.000000000000000000e+00 
  0.000000000000000000e+00   0.000000000000000000e+00 
  0.000000000000000000e+00   0.000000000000000000e+00 
  0.000000000000000000e+00   0.000000000000000000e+00 
  0.000000000000000000e+00   0.000000000000000000e+00 
  0.000000000000000000e+00   0.000000000000000000e+00 
  0.000000000000000000e+00   0.000000000000000000e+00 
  0.000000000000000000e+00   0.000000000000000000e+00 
  1.066355632869999903e+00   0.000000000000000000e+00 
  8.372452460960000398e-02   0.000000000000000000e+00 
  7.471485000350000516e-02   0.000000000000000000e+00 
  1.451329766780000072e-02   0.000000000000000000e+00 
  5.267407052720000094e-01   0.000000000000000000e+00 
  4.393463349829999920e-02   0.000000000000000000e+00 
 -6.007919357980000263e-02   0.000000000000000000e+00 
 -1.385249587520000041e-02   0.000000000000000000e+00 
 -1.399123786689999982e-01   0.000000000000000000e+00 
 -8.035675239199999709e+00   0.000000000000000000e+00 
  0.000000000000000000e+00   0.000000000000000000e+00 
  0.000000000000000000e+00   0.000000000000000000e+00 
  0.000000000000000000e+00   0.000000000000000000e+00 
  0.000000000000000000e+00   0.000000000000000000e+00 
  0.000000000000000000e+00   0.000000000000000000e+00 
  0.000000000000000000e+00   0.000000000000000000e+00 
  0.000000000000000000e+00   0.000000000000000000e+00 
  0.000000000000000000e+00   0.000000000000000000e+00 
  0.000000000000000000e+00   0.000000000000000000e+00 
  0.000000000000000000e+00   0.000000000000000000e+00 
  0.000000000000000000e+00   0.000000000000000000e+00 
  0.000000000000000000e+00   0.000000000000000000e+00 
  0.000000000000000000e+00   0.000000000000000000e+00 
  0.000000000000000000e+00   0.000000000000000000e+00 
  0.000000000000000000e+00   0.000000000000000000e+00 
  0.000000000000000000e+00   0.000000000000000000e+00 
  0.000000000000000000e+00   0.000000000000000000e+00 
  0.000000000000000000e+00   0.000000000000000000e+00 
  0.000000000000000000e+00   0.000000000000000000e+00 
  0.000000000000000000e+00   0.000000000000000000e+00 
 -8.883558207440000132e+00   0.000000000000000000e+00 
  0.000000000000000000e+00   0.000000000000000000e+00 
  0.000000000000000000e+00   0.000000000000000000e+00 
  1.320186495700000073e-01   0.000000000000000000e+00 
 -4.302690938220000150e-01   0.000000000000000000e+00 
  1.066283850979999892e+00   0.000000000000000000e+00 
  0.000000000000000000e+00   0.000000000000000000e+00 
  0.000000000000000000e+00   0.000000000000000000e+00 
  0.000000000000000000e+00   0.000000000000000000e+00 
  0.000000000000000000e+00   0.000000000000000000e+00 
  0.000000000000000000e+00   0.000000000000000000e+00 
  0.000000000000000000e+00   0.000000000000000000e+00 
  0.000000000000000000e+00   0.000000000000000000e+00 
  0.000000000000000000e+00   0.000000000000000000e+00 
  0.000000000000000000e+00   0.000000000000000000e+00 
  0.000000000000000000e+00   0.000000000000000000e+00 
  0.000000000000000000e+00   0.000000000000000000e+00 
  0.000000000000000000e+00   0.000000000000000000e+00 
  0.000000000000000000e+00   0.000000000000000000e+00 
  0.000000000000000000e+00   0.000000000000000000e+00 
  0.000000000000000000e+00   0.000000000000000000e+00 
 -6.532635510799999601e+00   0.000000000000000000e+00 
  0.000000000000000000e+00   0.000000000000000000e+00 
  2.095295812780000166e-05   0.000000000000000000e+00 
  5.989233300150000397e-03   0.000000000000000000e+00 
 -1.647735163419999970e-03   0.000000000000000000e+00 
  0.000000000000000000e+00   0.000000000000000000e+00 
  0.000000000000000000e+00   0.000000000000000000e+00 
  0.000000000000000000e+00   0.000000000000000000e+00 
  0.000000000000000000e+00   0.000000000000000000e+00 
  0.000000000000000000e+00   0.000000000000000000e+00 
  0.000000000000000000e+00   0.000000000000000000e+00 
  0.000000000000000000e+00   0.000000000000000000e+00 
  0.000000000000000000e+00   0.000000000000000000e+00 
  0.000000000000000000e+00   0.000000000000000000e+00 
  0.000000000000000000e+00   0.000000000000000000e+00 
  0.000000000000000000e+00   0.000000000000000000e+00 
  0.000000000000000000e+00   0.000000000000000000e+00 
  0.000000000000000000e+00   0.000000000000000000e+00 
  0.000000000000000000e+00   0.000000000000000000e+00 
  0.000000000000000000e+00   0.000000000000000000e+00 
  0.000000000000000000e+00   0.000000000000000000e+00 
 -7.859347016500000116e+00   0.000000000000000000e+00 
  1.895981852670000138e-05   0.000000000000000000e+00 
 -2.522552346190000111e-07   0.000000000000000000e+00 
  7.469722347849999666e-02   0.000000000000000000e+00 
  0.000000000000000000e+00   0.000000000000000000e+00 
  0.000000000000000000e+00   0.000000000000000000e+00 
  0.000000000000000000e+00   0.000000000000000000e+00 
  0.000000000000000000e+00   0.000000000000000000e+00 
  0.000000000000000000e+00   0.000000000000000000e+00 
  0.000000000000000000e+00   0.000000000000000000e+00 
  0.000000000000000000e+00   0.000000000000000000e+00 
  0.000000000000000000e+00   0.000000000000000000e+00 
  0.000000000000000000e+00   0.000000000000000000e+00 
  0.000000000000000000e+00   0.000000000000000000e+00 
  0.000000000000000000e+00   0.000000000000000000e+00 
  0.000000000000000000e+00   0.000000000000000000e+00 
  0.000000000000000000e+00   0.000000000000000000e+00 
  0.000000000000000000e+00   0.000000000000000000e+00 
  1.320186495700000073e-01   0.000000000000000000e+00 
  2.095295812780000166e-05   0.000000000000000000e+00 
  1.895981852670000138e-05   0.000000000000000000e+00 
 -7.236257631990000050e+00   0.000000000000000000e+00 
  5.302126769310000140e-03   0.000000000000000000e+00 
 -2.457723796730000066e-08   0.000000000000000000e+00 
  8.381084115139999513e-01   0.000000000000000000e+00 
  0.000000000000000000e+00   0.000000000000000000e+00 
  0.000000000000000000e+00   0.000000000000000000e+00 
  0.000000000000000000e+00   0.000000000000000000e+00 
  0.000000000000000000e+00   0.000000000000000000e+00 
  0.000000000000000000e+00   0.000000000000000000e+00 
  0.000000000000000000e+00   0.000000000000000000e+00 
  0.000000000000000000e+00   0.000000000000000000e+00 
  0.000000000000000000e+00   0.000000000000000000e+00 
  0.000000000000000000e+00   0.000000000000000000e+00 
  0.000000000000000000e+00   0.000000000000000000e+00 
  0.000000000000000000e+00   0.000000000000000000e+00 
  0.000000000000000000e+00   0.000000000000000000e+00 
  0.000000000000000000e+00   0.000000000000000000e+00 
 -4.302690938220000150e-01   0.000000000000000000e+00 
  5.989233300150000397e-03   0.000000000000000000e+00 
 -2.522552346190000111e-07   0.000000000000000000e+00 
  5.302126769310000140e-03   0.000000000000000000e+00 
 -6.980366358110000391e+00   0.000000000000000000e+00 
 -4.553729898099999811e-06   0.000000000000000000e+00 
  9.389946861920000359e-03   0.000000000000000000e+00 
  0.000000000000000000e+00   0.000000000000000000e+00 
  0.000000000000000000e+00   0.000000000000000000e+00 
  0.000000000000000000e+00   0.000000000000000000e+00 
  0.000000000000000000e+00   0.000000000000000000e+00 
  0.000000000000000000e+00   0.000000000000000000e+00 
  0.000000000000000000e+00   0.000000000000000000e+00 
  0.000000000000000000e+00   0.000000000000000000e+00 
  0.000000000000000000e+00   0.000000000000000000e+00 
  0.000000000000000000e+00   0.000000000000000000e+00 
  0.000000000000000000e+00   0.000000000000000000e+00 
  0.000000000000000000e+00   0.000000000000000000e+00 
  0.000000000000000000e+00   0.000000000000000000e+00 
  0.000000000000000000e+00   0.000000000000000000e+00 
  1.066283850979999892e+00   0.000000000000000000e+00 
 -1.647735163419999970e-03   0.000000000000000000e+00 
  7.469722347849999666e-02   0.000000000000000000e+00 
 -2.457723796730000066e-08   0.000000000000000000e+00 
 -4.553729898099999811e-06   0.000000000000000000e+00 
 -6.098229798590000250e+00   0.000000000000000000e+00 
 -6.015585622919999986e-02   0.000000000000000000e+00 
  0.000000000000000000e+00   0.000000000000000000e+00 
  0.000000000000000000e+00   0.000000000000000000e+00 
  0.000000000000000000e+00   0.000000000000000000e+00 
  0.000000000000000000e+00   0.000000000000000000e+00 
  0.000000000000000000e+00   0.000000000000000000e+00 
  0.000000000000000000e+00   0.000000000000000000e+00 
  0.000000000000000000e+00   0.000000000000000000e+00 
  0.000000000000000000e+00   0.000000000000000000e+00 
  0.000000000000000000e+00   0.000000000000000000e+00 
  0.000000000000000000e+00   0.000000000000000000e+00 
  0.000000000000000000e+00   0.000000000000000000e+00 
  0.000000000000000000e+00   0.000000000000000000e+00 
  0.000000000000000000e+00   0.000000000000000000e+00 
  0.000000000000000000e+00   0.000000000000000000e+00 
  0.000000000000000000e+00   0.000000000000000000e+00 
  0.000000000000000000e+00   0.000000000000000000e+00 
  8.381084115139999513e-01   0.000000000000000000e+00 
  9.389946861920000359e-03   0.000000000000000000e+00 
 -6.015585622919999986e-02   0.000000000000000000e+00 
 -1.066264300010000055e+00   0.000000000000000000e+00 
  0.000000000000000000e+00   0.000000000000000000e+00 
  0.000000000000000000e+00   0.000000000000000000e+00 
  0.000000000000000000e+00   0.000000000000000000e+00 
  0.000000000000000000e+00   0.000000000000000000e+00 
  0.000000000000000000e+00   0.000000000000000000e+00 
  0.000000000000000000e+00   0.000000000000000000e+00 
  0.000000000000000000e+00   0.000000000000000000e+00 
  0.000000000000000000e+00   0.000000000000000000e+00 
  0.000000000000000000e+00   0.000000000000000000e+00 
  0.000000000000000000e+00   0.000000000000000000e+00 
  0.000000000000000000e+00   0.000000000000000000e+00 
  0.000000000000000000e+00   0.000000000000000000e+00 
  0.000000000000000000e+00   0.000000000000000000e+00 
  0.000000000000000000e+00   0.000000000000000000e+00 
  0.000000000000000000e+00   0.000000000000000000e+00 
  0.000000000000000000e+00   0.000000000000000000e+00 
  0.000000000000000000e+00   0.000000000000000000e+00 
  0.000000000000000000e+00   0.000000000000000000e+00 
  0.000000000000000000e+00   0.000000000000000000e+00 
  0.000000000000000000e+00   0.000000000000000000e+00 
  0.000000000000000000e+00   0.000000000000000000e+00 
  0.000000000000000000e+00   0.000000000000000000e+00 
  0.000000000000000000e+00   0.000000000000000000e+00 
  0.000000000000000000e+00   0.000000000000000000e+00 
  0.000000000000000000e+00   0.000000000000000000e+00 
  0.000000000000000000e+00   0.000000000000000000e+00 
  0.000000000000000000e+00   0.000000000000000000e+00 
  0.000000000000000000e+00   0.000000000000000000e+00 
  0.000000000000000000e+00   0.000000000000000000e+00 
  0.000000000000000000e+00   0.000000000000000000e+00 
  0.000000000000000000e+00   0.000000000000000000e+00 
  0.000000000000000000e+00   0.000000000000000000e+00 
  0.000000000000000000e+00   0.000000000000000000e+00 
  0.000000000000000000e+00   0.000000000000000000e+00 
  0.000000000000000000e+00   0.000000000000000000e+00 
  0.000000000000000000e+00   0.000000000000000000e+00 
  0.000000000000000000e+00   0.000000000000000000e+00 
  0.000000000000000000e+00   0.000000000000000000e+00 
  0.000000000000000000e+00   0.000000000000000000e+00 
  0.000000000000000000e+00   0.000000000000000000e+00 
  0.000000000000000000e+00   0.000000000000000000e+00 
  0.000000000000000000e+00   0.000000000000000000e+00 
  0.000000000000000000e+00   0.000000000000000000e+00 
  0.000000000000000000e+00   0.000000000000000000e+00 
  0.000000000000000000e+00   0.000000000000000000e+00 
  0.000000000000000000e+00   0.000000000000000000e+00 
  0.000000000000000000e+00   0.000000000000000000e+00 
  0.000000000000000000e+00   0.000000000000000000e+00 
  0.000000000000000000e+00   0.000000000000000000e+00 
  0.000000000000000000e+00   0.000000000000000000e+00 
  0.000000000000000000e+00   0.000000000000000000e+00 
  0.000000000000000000e+00   0.000000000000000000e+00 
  0.000000000000000000e+00   0.000000000000000000e+00 
  0.000000000000000000e+00   0.000000000000000000e+00 
  0.000000000000000000e+00   0.000000000000000000e+00 
  0.000000000000000000e+00   0.000000000000000000e+00 
  0.000000000000000000e+00   0.000000000000000000e+00 
  0.000000000000000000e+00   0.000000000000000000e+00 
  0.000000000000000000e+00   0.000000000000000000e+00 
  0.000000000000000000e+00   0.000000000000000000e+00 
  0.000000000000000000e+00   0.000000000000000000e+00 
  0.000000000000000000e+00   0.000000000000000000e+00 
  0.000000000000000000e+00   0.000000000000000000e+00 
 -8.883518904840000729e+00   0.000000000000000000e+00 
  0.000000000000000000e+00   0.000000000000000000e+00 
  0.000000000000000000e+00   0.000000000000000000e+00 
  0.000000000000000000e+00   0.000000000000000000e+00 
  0.000000000000000000e+00   0.000000000000000000e+00 
  0.000000000000000000e+00   0.000000000000000000e+00 
  0.000000000000000000e+00   0.000000000000000000e+00 
  1.298002305879999985e-01   0.000000000000000000e+00 
 -4.302050558189999818e-01   0.000000000000000000e+00 
  1.066355632869999903e+00   0.000000000000000000e+00 
  0.000000000000000000e+00   0.000000000000000000e+00 
  0.000000000000000000e+00   0.000000000000000000e+00 
  0.000000000000000000e+00   0.000000000000000000e+00 
  0.000000000000000000e+00   0.000000000000000000e+00 
  0.000000000000000000e+00   0.000000000000000000e+00 
  0.000000000000000000e+00   0.000000000000000000e+00 
  0.000000000000000000e+00   0.000000000000000000e+00 
  0.000000000000000000e+00   0.000000000000000000e+00 
  0.000000000000000000e+00   0.000000000000000000e+00 
  0.000000000000000000e+00   0.000000000000000000e+00 
  0.000000000000000000e+00   0.000000000000000000e+00 
 -6.532792798480000052e+00   0.000000000000000000e+00 
  0.000000000000000000e+00   0.000000000000000000e+00 
  2.097031697059999932e-05   0.000000000000000000e+00 
  6.000987043999999986e-03   0.000000000000000000e+00 
 -1.659391912879999969e-03   0.000000000000000000e+00 
  0.000000000000000000e+00   0.000000000000000000e+00 
 -9.600342543009999785e-01   0.000000000000000000e+00 
 -5.472009168650000116e-02   0.000000000000000000e+00 
  8.372452460960000398e-02   0.000000000000000000e+00 
  0.000000000000000000e+00   0.000000000000000000e+00 
  0.000000000000000000e+00   0.000000000000000000e+00 
  0.000000000000000000e+00   0.000000000000000000e+00 
  0.000000000000000000e+00   0.000000000000000000e+00 
  0.000000000000000000e+00   0.000000000000000000e+00 
  0.000000000000000000e+00   0.000000000000000000e+00 
  0.000000000000000000e+00   0.000000000000000000e+00 
  0.000000000000000000e+00   0.000000000000000000e+00 
  0.000000000000000000e+00   0.000000000000000000e+00 
  0.000000000000000000e+00   0.000000000000000000e+00 
  0.000000000000000000e+00   0.000000000000000000e+00 
  0.000000000000000000e+00   0.000000000000000000e+00 
 -7.859346022639999596e+00   0.000000000000000000e+00 
  1.893752155720000111e-05   0.000000000000000000e+00 
 -2.519530802370000092e-07   0.000000000000000000e+00 
  0.000000000000000000e+00   0.000000000000000000e+00 
  0.000000000000000000e+00   0.000000000000000000e+00 
  7.834174376700000358e-03   0.000000000000000000e+00 
 -4.445507033670000052e-02   0.000000000000000000e+00 
  7.471485000350000516e-02   0.000000000000000000e+00 
  0.000000000000000000e+00   0.000000000000000000e+00 
  0.000000000000000000e+00   0.000000000000000000e+00 
  0.000000000000000000e+00   0.000000000000000000e+00 
  0.000000000000000000e+00   0.000000000000000000e+00 
  0.000000000000000000e+00   0.000000000000000000e+00 
  0.000000000000000000e+00   0.000000000000000000e+00 
  0.000000000000000000e+00   0.000000000000000000e+00 
  0.000000000000000000e+00   0.000000000000000000e+00 
  0.000000000000000000e+00   0.000000000000000000e+00 
  0.000000000000000000e+00   0.000000000000000000e+00 
  0.000000000000000000e+00   0.000000000000000000e+00 
  2.097031697059999932e-05   0.000000000000000000e+00 
  1.893752155720000111e-05   0.000000000000000000e+00 
 -7.236256942689999860e+00   0.000000000000000000e+00 
  5.303567559029999726e-03   0.000000000000000000e+00 
 -2.442768714640000158e-08   0.000000000000000000e+00 
  0.000000000000000000e+00   0.000000000000000000e+00 
  6.083282499590000197e-03   0.000000000000000000e+00 
 -5.970419757840000202e-03   0.000000000000000000e+00 
  1.451329766780000072e-02   0.000000000000000000e+00 
  0.000000000000000000e+00   0.000000000000000000e+00 
  0.000000000000000000e+00   0.000000000000000000e+00 
  0.000000000000000000e+00   0.000000000000000000e+00 
  0.000000000000000000e+00   0.000000000000000000e+00 
  0.000000000000000000e+00   0.000000000000000000e+00 
  0.000000000000000000e+00   0.000000000000000000e+00 
  0.000000000000000000e+00   0.000000000000000000e+00 
  0.000000000000000000e+00   0.000000000000000000e+00 
  0.000000000000000000e+00   0.000000000000000000e+00 
  0.000000000000000000e+00   0.000000000000000000e+00 
  0.000000000000000000e+00   0.000000000000000000e+00 
  6.000987043999999986e-03   0.000000000000000000e+00 
 -2.519530802370000092e-07   0.000000000000000000e+00 
  5.303567559029999726e-03   0.000000000000000000e+00 
 -6.980417909689999867e+00   0.000000000000000000e+00 
 -4.540439420960000069e-06   0.000000000000000000e+00 
  0.000000000000000000e+00   0.000000000000000000e+00 
  1.172540787189999961e-01   0.000000000000000000e+00 
 -2.080564083810000076e-01   0.000000000000000000e+00 
  5.267407052720000094e-01   0.000000000000000000e+00 
  0.000000000000000000e+00   0.000000000000000000e+00 
  0.000000000000000000e+00   0.000000000000000000e+00 
  0.000000000000000000e+00   0.000000000000000000e+00 
  0.000000000000000000e+00   0.000000000000000000e+00 
  0.000000000000000000e+00   0.000000000000000000e+00 
  0.000000000000000000e+00   0.000000000000000000e+00 
  0.000000000000000000e+00   0.000000000000000000e+00 
  0.000000000000000000e+00   0.000000000000000000e+00 
  0.000000000000000000e+00   0.000000000000000000e+00 
  0.000000000000000000e+00   0.000000000000000000e+00 
  0.000000000000000000e+00   0.000000000000000000e+00 
 -1.659391912879999969e-03   0.000000000000000000e+00 
  0.000000000000000000e+00   0.000000000000000000e+00 
 -2.442768714640000158e-08   0.000000000000000000e+00 
 -4.540439420960000069e-06   0.000000000000000000e+00 
 -6.098236332589999975e+00   0.000000000000000000e+00 
  0.000000000000000000e+00   0.000000000000000000e+00 
 -2.142179895889999991e-02   0.000000000000000000e+00 
  1.035608271540000014e-01   0.000000000000000000e+00 
  4.393463349829999920e-02   0.000000000000000000e+00 
  0.000000000000000000e+00   0.000000000000000000e+00 
  0.000000000000000000e+00   0.000000000000000000e+00 
  0.000000000000000000e+00   0.000000000000000000e+00 
  0.000000000000000000e+00   0.000000000000000000e+00 
  0.000000000000000000e+00   0.000000000000000000e+00 
  0.000000000000000000e+00   0.000000000000000000e+00 
  0.000000000000000000e+00   0.000000000000000000e+00 
  0.000000000000000000e+00   0.000000000000000000e+00 
  0.000000000000000000e+00   0.000000000000000000e+00 
  0.000000000000000000e+00   0.000000000000000000e+00 
  0.000000000000000000e+00   0.000000000000000000e+00 
  0.000000000000000000e+00   0.000000000000000000e+00 
  0.000000000000000000e+00   0.000000000000000000e+00 
  0.000000000000000000e+00   0.000000000000000000e+00 
  0.000000000000000000e+00   0.000000000000000000e+00 
  0.000000000000000000e+00   0.000000000000000000e+00 
 -1.066295273709999991e+00   0.000000000000000000e+00 
  8.393426981860000469e-01   0.000000000000000000e+00 
  9.622003254499999700e-03   0.000000000000000000e+00 
 -6.007919357980000263e-02   0.000000000000000000e+00 
  0.000000000000000000e+00   0.000000000000000000e+00 
  0.000000000000000000e+00   0.000000000000000000e+00 
  0.000000000000000000e+00   0.000000000000000000e+00 
  0.000000000000000000e+00   0.000000000000000000e+00 
  0.000000000000000000e+00   0.000000000000000000e+00 
  0.000000000000000000e+00   0.000000000000000000e+00 
  0.000000000000000000e+00   0.000000000000000000e+00 
  0.000000000000000000e+00   0.000000000000000000e+00 
  0.000000000000000000e+00   0.000000000000000000e+00 
  0.000000000000000000e+00   0.000000000000000000e+00 
  1.298002305879999985e-01   0.000000000000000000e+00 
 -9.600342543009999785e-01   0.000000000000000000e+00 
  7.834174376700000358e-03   0.000000000000000000e+00 
  6.083282499590000197e-03   0.000000000000000000e+00 
  1.172540787189999961e-01   0.000000000000000000e+00 
 -2.142179895889999991e-02   0.000000000000000000e+00 
  8.393426981860000469e-01   0.000000000000000000e+00 
 -3.469605221972900466e+01   0.000000000000000000e+00 
  3.918690484639999853e-03   0.000000000000000000e+00 
 -1.385249587520000041e-02   0.000000000000000000e+00 
  0.000000000000000000e+00   0.000000000000000000e+00 
  0.000000000000000000e+00   0.000000000000000000e+00 
  0.000000000000000000e+00   0.000000000000000000e+00 
  0.000000000000000000e+00   0.000000000000000000e+00 
  0.000000000000000000e+00   0.000000000000000000e+00 
  0.000000000000000000e+00   0.000000000000000000e+00 
  0.000000000000000000e+00   0.000000000000000000e+00 
  0.000000000000000000e+00   0.000000000000000000e+00 
  0.000000000000000000e+00   0.000000000000000000e+00 
  0.000000000000000000e+00   0.000000000000000000e+00 
 -4.302050558189999818e-01   0.000000000000000000e+00 
 -5.472009168650000116e-02   0.000000000000000000e+00 
 -4.445507033670000052e-02   0.000000000000000000e+00 
 -5.970419757840000202e-03   0.000000000000000000e+00 
 -2.080564083810000076e-01   0.000000000000000000e+00 
  1.035608271540000014e-01   0.000000000000000000e+00 
  9.622003254499999700e-03   0.000000000000000000e+00 
  3.918690484639999853e-03   0.000000000000000000e+00 
 -8.756783078756999572e+00   0.000000000000000000e+00 
 -1.399123786689999982e-01   0.000000000000000000e+00 
  0.000000000000000000e+00   0.000000000000000000e+00 
  0.000000000000000000e+00   0.000000000000000000e+00 
  0.000000000000000000e+00   0.000000000000000000e+00 
  0.000000000000000000e+00   0.000000000000000000e+00 
  0.000000000000000000e+00   0.000000000000000000e+00 
  0.000000000000000000e+00   0.000000000000000000e+00 
  0.000000000000000000e+00   0.000000000000000000e+00 
  0.000000000000000000e+00   0.000000000000000000e+00 
  0.000000000000000000e+00   0.000000000000000000e+00 
  0.000000000000000000e+00   0.000000000000000000e+00 
  1.066355632869999903e+00   0.000000000000000000e+00 
  8.372452460960000398e-02   0.000000000000000000e+00 
  7.471485000350000516e-02   0.000000000000000000e+00 
  1.451329766780000072e-02   0.000000000000000000e+00 
  5.267407052720000094e-01   0.000000000000000000e+00 
  4.393463349829999920e-02   0.000000000000000000e+00 
 -6.007919357980000263e-02   0.000000000000000000e+00 
 -1.385249587520000041e-02   0.000000000000000000e+00 
 -1.399123786689999982e-01   0.000000000000000000e+00 
 -8.357500455428999331e+00   0.000000000000000000e+00 
  0.000000000000000000e+00   0.000000000000000000e+00 
  0.000000000000000000e+00   0.000000000000000000e+00 
  0.000000000000000000e+00   0.000000000000000000e+00 
  0.000000000000000000e+00   0.000000000000000000e+00 
  0.000000000000000000e+00   0.000000000000000000e+00 
  0.000000000000000000e+00   0.000000000000000000e+00 
  0.000000000000000000e+00   0.000000000000000000e+00 
  0.000000000000000000e+00   0.000000000000000000e+00 
  0.000000000000000000e+00   0.000000000000000000e+00 
  0.000000000000000000e+00   0.000000000000000000e+00 
  0.000000000000000000e+00   0.000000000000000000e+00 
  0.000000000000000000e+00   0.000000000000000000e+00 
  0.000000000000000000e+00   0.000000000000000000e+00 
  0.000000000000000000e+00   0.000000000000000000e+00 
  0.000000000000000000e+00   0.000000000000000000e+00 
  0.000000000000000000e+00   0.000000000000000000e+00 
  0.000000000000000000e+00   0.000000000000000000e+00 
  0.000000000000000000e+00   0.000000000000000000e+00 
  0.000000000000000000e+00   0.000000000000000000e+00 
  0.000000000000000000e+00   0.000000000000000000e+00 
 -8.883558207440000132e+00   0.000000000000000000e+00 
  0.000000000000000000e+00   0.000000000000000000e+00 
  0.000000000000000000e+00   0.000000000000000000e+00 
  1.320186495700000073e-01   0.000000000000000000e+00 
 -4.302690938220000150e-01   0.000000000000000000e+00 
  1.066283850979999892e+00   0.000000000000000000e+00 
  0.000000000000000000e+00   0.000000000000000000e+00 
  0.000000000000000000e+00   0.000000000000000000e+00 
  0.000000000000000000e+00   0.000000000000000000e+00 
  0.000000000000000000e+00   0.000000000000000000e+00 
  0.000000000000000000e+00   0.000000000000000000e+00 
  0.000000000000000000e+00   0.000000000000000000e+00 
  0.000000000000000000e+00   0.000000000000000000e+00 
  0.000000000000000000e+00   0.000000000000000000e+00 
  0.000000000000000000e+00   0.000000000000000000e+00 
  0.000000000000000000e+00   0.000000000000000000e+00 
  0.000000000000000000e+00   0.000000000000000000e+00 
  0.000000000000000000e+00   0.000000000000000000e+00 
  0.000000000000000000e+00   0.000000000000000000e+00 
  0.000000000000000000e+00   0.000000000000000000e+00 
  0.000000000000000000e+00   0.000000000000000000e+00 
 -6.532635510799999601e+00   0.000000000000000000e+00 
  0.000000000000000000e+00   0.000000000000000000e+00 
  2.095295812780000166e-05   0.000000000000000000e+00 
  5.989233300150000397e-03   0.000000000000000000e+00 
 -1.647735163419999970e-03   0.000000000000000000e+00 
  0.000000000000000000e+00   0.000000000000000000e+00 
  0.000000000000000000e+00   0.000000000000000000e+00 
  0.000000000000000000e+00   0.000000000000000000e+00 
  0.000000000000000000e+00   0.000000000000000000e+00 
  0.000000000000000000e+00   0.000000000000000000e+00 
  0.000000000000000000e+00   0.000000000000000000e+00 
  0.000000000000000000e+00   0.000000000000000000e+00 
  0.000000000000000000e+00   0.000000000000000000e+00 
  0.000000000000000000e+00   0.000000000000000000e+00 
  0.000000000000000000e+00   0.000000000000000000e+00 
  0.000000000000000000e+00   0.000000000000000000e+00 
  0.000000000000000000e+00   0.000000000000000000e+00 
  0.000000000000000000e+00   0.000000000000000000e+00 
  0.000000000000000000e+00   0.000000000000000000e+00 
  0.000000000000000000e+00   0.000000000000000000e+00 
  0.000000000000000000e+00   0.000000000000000000e+00 
 -7.859347016500000116e+00   0.000000000000000000e+00 
  1.895981852670000138e-05   0.000000000000000000e+00 
 -2.522552346190000111e-07   0.000000000000000000e+00 
  7.469722347849999666e-02   0.000000000000000000e+00 
  0.000000000000000000e+00   0.000000000000000000e+00 
  0.000000000000000000e+00   0.000000000000000000e+00 
  0.000000000000000000e+00   0.000000000000000000e+00 
  0.000000000000000000e+00   0.000000000000000000e+00 
  0.000000000000000000e+00   0.000000000000000000e+00 
  0.000000000000000000e+00   0.000000000000000000e+00 
  0.000000000000000000e+00   0.000000000000000000e+00 
  0.000000000000000000e+00   0.000000000000000000e+00 
  0.000000000000000000e+00   0.000000000000000000e+00 
  0.000000000000000000e+00   0.000000000000000000e+00 
  0.000000000000000000e+00   0.000000000000000000e+00 
  0.000000000000000000e+00   0.000000000000000000e+00 
  0.000000000000000000e+00   0.000000000000000000e+00 
  0.000000000000000000e+00   0.000000000000000000e+00 
  1.320186495700000073e-01   0.000000000000000000e+00 
  2.095295812780000166e-05   0.000000000000000000e+00 
  1.895981852670000138e-05   0.000000000000000000e+00 
 -7.558082848218999672e+00   0.000000000000000000e+00 
  5.302126769310000140e-03   0.000000000000000000e+00 
 -2.457723796730000066e-08   0.000000000000000000e+00 
  8.381084115139999513e-01   0.000000000000000000e+00 
  0.000000000000000000e+00   0.000000000000000000e+00 
  0.000000000000000000e+00   0.000000000000000000e+00 
  0.000000000000000000e+00   0.000000000000000000e+00 
  0.000000000000000000e+00   0.000000000000000000e+00 
  0.000000000000000000e+00   0.000000000000000000e+00 
  0.000000000000000000e+00   0.000000000000000000e+00 
  0.000000000000000000e+00   0.000000000000000000e+00 
  0.000000000000000000e+00   0.000000000000000000e+00 
  0.000000000000000000e+00   0.000000000000000000e+00 
  0.000000000000000000e+00   0.000000000000000000e+00 
  0.000000000000000000e+00   0.000000000000000000e+00 
  0.000000000000000000e+00   0.000000000000000000e+00 
  0.000000000000000000e+00   0.000000000000000000e+00 
 -4.302690938220000150e-01   0.000000000000000000e+00 
  5.989233300150000397e-03   0.000000000000000000e+00 
 -2.522552346190000111e-07   0.000000000000000000e+00 
  5.302126769310000140e-03   0.000000000000000000e+00 
 -7.186953484457000663e+00   0.000000000000000000e+00 
 -4.553729898099999811e-06   0.000000000000000000e+00 
  9.389946861920000359e-03   0.000000000000000000e+00 
  0.000000000000000000e+00   0.000000000000000000e+00 
  0.000000000000000000e+00   0.000000000000000000e+00 
  0.000000000000000000e+00   0.000000000000000000e+00 
  0.000000000000000000e+00   0.000000000000000000e+00 
  0.000000000000000000e+00   0.000000000000000000e+00 
  0.000000000000000000e+00   0.000000000000000000e+00 
  0.000000000000000000e+00   0.000000000000000000e+00 
  0.000000000000000000e+00   0.000000000000000000e+00 
  0.000000000000000000e+00   0.000000000000000000e+00 
  0.000000000000000000e+00   0.000000000000000000e+00 
  0.000000000000000000e+00   0.000000000000000000e+00 
  0.000000000000000000e+00   0.000000000000000000e+00 
  0.000000000000000000e+00   0.000000000000000000e+00 
  1.066283850979999892e+00   0.000000000000000000e+00 
 -1.647735163419999970e-03   0.000000000000000000e+00 
  7.469722347849999666e-02   0.000000000000000000e+00 
 -2.457723796730000066e-08   0.000000000000000000e+00 
 -4.553729898099999811e-06   0.000000000000000000e+00 
 -6.420055014818999872e+00   0.000000000000000000e+00 
 -6.015585622919999986e-02   0.000000000000000000e+00 
  0.000000000000000000e+00   0.000000000000000000e+00 
  0.000000000000000000e+00   0.000000000000000000e+00 
  0.000000000000000000e+00   0.000000000000000000e+00 
  0.000000000000000000e+00   0.000000000000000000e+00 
  0.000000000000000000e+00   0.000000000000000000e+00 
  0.000000000000000000e+00   0.000000000000000000e+00 
  0.000000000000000000e+00   0.000000000000000000e+00 
  0.000000000000000000e+00   0.000000000000000000e+00 
  0.000000000000000000e+00   0.000000000000000000e+00 
  0.000000000000000000e+00   0.000000000000000000e+00 
  0.000000000000000000e+00   0.000000000000000000e+00 
  0.000000000000000000e+00   0.000000000000000000e+00 
  0.000000000000000000e+00   0.000000000000000000e+00 
  0.000000000000000000e+00   0.000000000000000000e+00 
  0.000000000000000000e+00   0.000000000000000000e+00 
  0.000000000000000000e+00   0.000000000000000000e+00 
  8.381084115139999513e-01   0.000000000000000000e+00 
  9.389946861920000359e-03   0.000000000000000000e+00 
 -6.015585622919999986e-02   0.000000000000000000e+00 
 -1.066264300010000055e+00   0.000000000000000000e+00 
  0.000000000000000000e+00   0.000000000000000000e+00 
  0.000000000000000000e+00   0.000000000000000000e+00 
  0.000000000000000000e+00   0.000000000000000000e+00 
  0.000000000000000000e+00   0.000000000000000000e+00 
  0.000000000000000000e+00   0.000000000000000000e+00 
  0.000000000000000000e+00   0.000000000000000000e+00 
  0.000000000000000000e+00   0.000000000000000000e+00 
  0.000000000000000000e+00   0.000000000000000000e+00 
  0.000000000000000000e+00   0.000000000000000000e+00 
  0.000000000000000000e+00   0.000000000000000000e+00 
  0.000000000000000000e+00   0.000000000000000000e+00 
  0.000000000000000000e+00   0.000000000000000000e+00 
  0.000000000000000000e+00   0.000000000000000000e+00 
  0.000000000000000000e+00   0.000000000000000000e+00 
  0.000000000000000000e+00   0.000000000000000000e+00 
  0.000000000000000000e+00   0.000000000000000000e+00 
  0.000000000000000000e+00   0.000000000000000000e+00 
  0.000000000000000000e+00   0.000000000000000000e+00 
  0.000000000000000000e+00   0.000000000000000000e+00 
  0.000000000000000000e+00   0.000000000000000000e+00 
  0.000000000000000000e+00   0.000000000000000000e+00 
  0.000000000000000000e+00   0.000000000000000000e+00 
  0.000000000000000000e+00   0.000000000000000000e+00 
  0.000000000000000000e+00   0.000000000000000000e+00 
  0.000000000000000000e+00   0.000000000000000000e+00 
  0.000000000000000000e+00   0.000000000000000000e+00 
  0.000000000000000000e+00   0.000000000000000000e+00 
  0.000000000000000000e+00   0.000000000000000000e+00 
  0.000000000000000000e+00   0.000000000000000000e+00 
  0.000000000000000000e+00   0.000000000000000000e+00 
  0.000000000000000000e+00   0.000000000000000000e+00 
  0.000000000000000000e+00   0.000000000000000000e+00 
  0.000000000000000000e+00   0.000000000000000000e+00 
  0.000000000000000000e+00   0.000000000000000000e+00 
  0.000000000000000000e+00   0.000000000000000000e+00 
  0.000000000000000000e+00   0.000000000000000000e+00 
  0.000000000000000000e+00   0.000000000000000000e+00 
  0.000000000000000000e+00   0.000000000000000000e+00 
  0.000000000000000000e+00   0.000000000000000000e+00 
  0.000000000000000000e+00   0.000000000000000000e+00 
  0.000000000000000000e+00   0.000000000000000000e+00 
  0.000000000000000000e+00   0.000000000000000000e+00 
  0.000000000000000000e+00   0.000000000000000000e+00 
  0.000000000000000000e+00   0.000000000000000000e+00 
  0.000000000000000000e+00   0.000000000000000000e+00 
  0.000000000000000000e+00   0.000000000000000000e+00 
  0.000000000000000000e+00   0.000000000000000000e+00 
  0.000000000000000000e+00   0.000000000000000000e+00 
  0.000000000000000000e+00   0.000000000000000000e+00 
  0.000000000000000000e+00   0.000000000000000000e+00 
  0.000000000000000000e+00   0.000000000000000000e+00 
  0.000000000000000000e+00   0.000000000000000000e+00 
  0.000000000000000000e+00   0.000000000000000000e+00 
  0.000000000000000000e+00   0.000000000000000000e+00 
  0.000000000000000000e+00   0.000000000000000000e+00 
  0.000000000000000000e+00   0.000000000000000000e+00 
  0.000000000000000000e+00   0.000000000000000000e+00 
  0.000000000000000000e+00   0.000000000000000000e+00 
  0.000000000000000000e+00   0.000000000000000000e+00 
  0.000000000000000000e+00   0.000000000000000000e+00 
  0.000000000000000000e+00   0.000000000000000000e+00 
  0.000000000000000000e+00   0.000000000000000000e+00 
  0.000000000000000000e+00   0.000000000000000000e+00 
  0.000000000000000000e+00   0.000000000000000000e+00 
  0.000000000000000000e+00   0.000000000000000000e+00 
  0.000000000000000000e+00   0.000000000000000000e+00 
  0.000000000000000000e+00   0.000000000000000000e+00 
  0.000000000000000000e+00   0.000000000000000000e+00 
  0.000000000000000000e+00   0.000000000000000000e+00 
  0.000000000000000000e+00   0.000000000000000000e+00 
  0.000000000000000000e+00   0.000000000000000000e+00 
  0.000000000000000000e+00   0.000000000000000000e+00 
  0.000000000000000000e+00   0.000000000000000000e+00 
  0.000000000000000000e+00   0.000000000000000000e+00 
  0.000000000000000000e+00   0.000000000000000000e+00 
  0.000000000000000000e+00   0.000000000000000000e+00 
  0.000000000000000000e+00   0.000000000000000000e+00 
  0.000000000000000000e+00   0.000000000000000000e+00 
  0.000000000000000000e+00   0.000000000000000000e+00 
  0.000000000000000000e+00   0.000000000000000000e+00 
  0.000000000000000000e+00   0.000000000000000000e+00 
  0.000000000000000000e+00   0.000000000000000000e+00 
  0.000000000000000000e+00   0.000000000000000000e+00 
  0.000000000000000000e+00   0.000000000000000000e+00 
  0.000000000000000000e+00   0.000000000000000000e+00 
  0.000000000000000000e+00   0.000000000000000000e+00 
  0.000000000000000000e+00   0.000000000000000000e+00 
  0.000000000000000000e+00   0.000000000000000000e+00 
  0.000000000000000000e+00   0.000000000000000000e+00 
  0.000000000000000000e+00   0.000000000000000000e+00 
  0.000000000000000000e+00   0.000000000000000000e+00 
  0.000000000000000000e+00   0.000000000000000000e+00 
  0.000000000000000000e+00   0.000000000000000000e+00 
  0.000000000000000000e+00   0.000000000000000000e+00 
  0.000000000000000000e+00   0.000000000000000000e+00 
  0.000000000000000000e+00   0.000000000000000000e+00 
  0.000000000000000000e+00   0.000000000000000000e+00 
  0.000000000000000000e+00   0.000000000000000000e+00 
  0.000000000000000000e+00   0.000000000000000000e+00 
  0.000000000000000000e+00   0.000000000000000000e+00 
  0.000000000000000000e+00   0.000000000000000000e+00 
  0.000000000000000000e+00   0.000000000000000000e+00 
  0.000000000000000000e+00   0.000000000000000000e+00 
  0.000000000000000000e+00   0.000000000000000000e+00 
  0.000000000000000000e+00   0.000000000000000000e+00 
  0.000000000000000000e+00   0.000000000000000000e+00 
  0.000000000000000000e+00   0.000000000000000000e+00 
  0.000000000000000000e+00   0.000000000000000000e+00 
  0.000000000000000000e+00   0.000000000000000000e+00 
  0.000000000000000000e+00   0.000000000000000000e+00 
  0.000000000000000000e+00   0.000000000000000000e+00 
  0.000000000000000000e+00   0.000000000000000000e+00 
  0.000000000000000000e+00   0.000000000000000000e+00 
  0.000000000000000000e+00   0.000000000000000000e+00 
  0.000000000000000000e+00   0.000000000000000000e+00 
  0.000000000000000000e+00   0.000000000000000000e+00 
  0.000000000000000000e+00   0.000000000000000000e+00 
  0.000000000000000000e+00   0.000000000000000000e+00 
  0.000000000000000000e+00   0.000000000000000000e+00 
  0.000000000000000000e+00   0.000000000000000000e+00 
  0.000000000000000000e+00   0.000000000000000000e+00 
  0.000000000000000000e+00   0.000000000000000000e+00 
  0.000000000000000000e+00   0.000000000000000000e+00 
  0.000000000000000000e+00   0.000000000000000000e+00 
  0.000000000000000000e+00   0.000000000000000000e+00 
  0.000000000000000000e+00   0.000000000000000000e+00 
  0.000000000000000000e+00   0.000000000000000000e+00 
  0.000000000000000000e+00   0.000000000000000000e+00 
  0.000000000000000000e+00   0.000000000000000000e+00 
  0.000000000000000000e+00   0.000000000000000000e+00 
  0.000000000000000000e+00   0.000000000000000000e+00 
  0.000000000000000000e+00   0.000000000000000000e+00 
  0.000000000000000000e+00   0.000000000000000000e+00 
  0.000000000000000000e+00   0.000000000000000000e+00 
  0.000000000000000000e+00   0.000000000000000000e+00 
  0.000000000000000000e+00   0.000000000000000000e+00 
  0.000000000000000000e+00   0.000000000000000000e+00 
  0.000000000000000000e+00   0.000000000000000000e+00 
  0.000000000000000000e+00   0.000000000000000000e+00 
  0.000000000000000000e+00   0.000000000000000000e+00 
  0.000000000000000000e+00   0.000000000000000000e+00 
  0.000000000000000000e+00   0.000000000000000000e+00 
  0.000000000000000000e+00   0.000000000000000000e+00 
  0.000000000000000000e+00   0.000000000000000000e+00 
  0.000000000000000000e+00   0.000000000000000000e+00 
  0.000000000000000000e+00   0.000000000000000000e+00 
  0.000000000000000000e+00   0.000000000000000000e+00 
  0.000000000000000000e+00   0.000000000000000000e+00 
  0.000000000000000000e+00   0.000000000000000000e+00 
  0.000000000000000000e+00   0.000000000000000000e+00 
  0.000000000000000000e+00   0.000000000000000000e+00 
  0.000000000000000000e+00   0.000000000000000000e+00 
  0.000000000000000000e+00   0.000000000000000000e+00 
  0.000000000000000000e+00   0.000000000000000000e+00 
  0.000000000000000000e+00   0.000000000000000000e+00 
  0.000000000000000000e+00   0.000000000000000000e+00 
  0.000000000000000000e+00   0.000000000000000000e+00 
 -8.901906368706054928e-18   0.000000000000000000e+00 
  0.000000000000000000e+00   0.000000000000000000e+00 
  0.000000000000000000e+00   0.000000000000000000e+00 
  0.000000000000000000e+00   0.000000000000000000e+00 
  0.000000000000000000e+00   0.000000000000000000e+00 
  0.000000000000000000e+00   0.000000000000000000e+00 
  0.000000000000000000e+00   0.000000000000000000e+00 
  0.000000000000000000e+00   0.000000000000000000e+00 
  0.000000000000000000e+00   0.000000000000000000e+00 
  0.000000000000000000e+00   0.000000000000000000e+00 
  0.000000000000000000e+00   0.000000000000000000e+00 
  0.000000000000000000e+00   0.000000000000000000e+00 
  0.000000000000000000e+00   0.000000000000000000e+00 
  0.000000000000000000e+00   0.000000000000000000e+00 
  0.000000000000000000e+00   0.000000000000000000e+00 
  0.000000000000000000e+00   0.000000000000000000e+00 
  0.000000000000000000e+00   0.000000000000000000e+00 
  0.000000000000000000e+00   0.000000000000000000e+00 
  0.000000000000000000e+00   0.000000000000000000e+00 
  0.000000000000000000e+00   0.000000000000000000e+00 
 -1.490777987167568597e-19   0.000000000000000000e+00 
  0.000000000000000000e+00   0.000000000000000000e+00 
  0.000000000000000000e+00   0.000000000000000000e+00 
  0.000000000000000000e+00   0.000000000000000000e+00 
  0.000000000000000000e+00   0.000000000000000000e+00 
  0.000000000000000000e+00   0.000000000000000000e+00 
  0.000000000000000000e+00   0.000000000000000000e+00 
  0.000000000000000000e+00   0.000000000000000000e+00 
  0.000000000000000000e+00   0.000000000000000000e+00 
  0.000000000000000000e+00   0.000000000000000000e+00 
  0.000000000000000000e+00   0.000000000000000000e+00 
  0.000000000000000000e+00   0.000000000000000000e+00 
  0.000000000000000000e+00   0.000000000000000000e+00 
  0.000000000000000000e+00   0.000000000000000000e+00 
  0.000000000000000000e+00   0.000000000000000000e+00 
  0.000000000000000000e+00   0.000000000000000000e+00 
  0.000000000000000000e+00   0.000000000000000000e+00 
  0.000000000000000000e+00   0.000000000000000000e+00 
  0.000000000000000000e+00   0.000000000000000000e+00 
  0.000000000000000000e+00   0.000000000000000000e+00 
  0.000000000000000000e+00   0.000000000000000000e+00 
  0.000000000000000000e+00   0.000000000000000000e+00 
  0.000000000000000000e+00   0.000000000000000000e+00 
  0.000000000000000000e+00   0.000000000000000000e+00 
  0.000000000000000000e+00   0.000000000000000000e+00 
  0.000000000000000000e+00   0.000000000000000000e+00 
  0.000000000000000000e+00   0.000000000000000000e+00 
  0.000000000000000000e+00   0.000000000000000000e+00 
  0.000000000000000000e+00   0.000000000000000000e+00 
  0.000000000000000000e+00   0.000000000000000000e+00 
  0.000000000000000000e+00   0.000000000000000000e+00 
  0.000000000000000000e+00   0.000000000000000000e+00 
  0.000000000000000000e+00   0.000000000000000000e+00 
  0.000000000000000000e+00   0.000000000000000000e+00 
  0.000000000000000000e+00   0.000000000000000000e+00 
  0.000000000000000000e+00   0.000000000000000000e+00 
  0.000000000000000000e+00   0.000000000000000000e+00 
  0.000000000000000000e+00   0.000000000000000000e+00 
  0.000000000000000000e+00   0.000000000000000000e+00 
  0.000000000000000000e+00   0.000000000000000000e+00 
  0.000000000000000000e+00   0.000000000000000000e+00 
  0.000000000000000000e+00   0.000000000000000000e+00 
  0.000000000000000000e+00   0.000000000000000000e+00 
  0.000000000000000000e+00   0.000000000000000000e+00 
  0.000000000000000000e+00   0.000000000000000000e+00 
  0.000000000000000000e+00   0.000000000000000000e+00 
  0.000000000000000000e+00   0.000000000000000000e+00 
  0.000000000000000000e+00   0.000000000000000000e+00 
  0.000000000000000000e+00   0.000000000000000000e+00 
  0.000000000000000000e+00   0.000000000000000000e+00 
  0.000000000000000000e+00   0.000000000000000000e+00 
  0.000000000000000000e+00   0.000000000000000000e+00 
  0.000000000000000000e+00   0.000000000000000000e+00 
  0.000000000000000000e+00   0.000000000000000000e+00 
  0.000000000000000000e+00   0.000000000000000000e+00 
  0.000000000000000000e+00   0.000000000000000000e+00 
  0.000000000000000000e+00   0.000000000000000000e+00 
  0.000000000000000000e+00   0.000000000000000000e+00 
  0.000000000000000000e+00   0.000000000000000000e+00 
  0.000000000000000000e+00   0.000000000000000000e+00 
 -8.673617379884035472e-19   0.000000000000000000e+00 
  0.000000000000000000e+00   0.000000000000000000e+00 
  0.000000000000000000e+00   0.000000000000000000e+00 
  0.000000000000000000e+00   0.000000000000000000e+00 
  0.000000000000000000e+00   0.000000000000000000e+00 
  0.000000000000000000e+00   0.000000000000000000e+00 
  0.000000000000000000e+00   0.000000000000000000e+00 
  0.000000000000000000e+00   0.000000000000000000e+00 
  0.000000000000000000e+00   0.000000000000000000e+00 
  0.000000000000000000e+00   0.000000000000000000e+00 
  0.000000000000000000e+00   0.000000000000000000e+00 
  0.000000000000000000e+00   0.000000000000000000e+00 
  0.000000000000000000e+00   0.000000000000000000e+00 
  0.000000000000000000e+00   0.000000000000000000e+00 
  0.000000000000000000e+00   0.000000000000000000e+00 
  0.000000000000000000e+00   0.000000000000000000e+00 
  0.000000000000000000e+00   0.000000000000000000e+00 
  0.000000000000000000e+00   0.000000000000000000e+00 
  0.000000000000000000e+00   0.000000000000000000e+00 
  0.000000000000000000e+00   0.000000000000000000e+00 
  1.901227858236719256e-18   0.000000000000000000e+00 
  0.000000000000000000e+00   0.000000000000000000e+00 
  0.000000000000000000e+00   0.000000000000000000e+00 
  0.000000000000000000e+00   0.000000000000000000e+00 
  0.000000000000000000e+00   0.000000000000000000e+00 
  0.000000000000000000e+00   0.000000000000000000e+00 
  0.000000000000000000e+00   0.000000000000000000e+00 
  0.000000000000000000e+00   0.000000000000000000e+00 
  0.000000000000000000e+00   0.000000000000000000e+00 
  0.000000000000000000e+00   0.000000000000000000e+00 
  0.000000000000000000e+00   0.000000000000000000e+00 
  0.000000000000000000e+00   0.000000000000000000e+00 
  0.000000000000000000e+00   0.000000000000000000e+00 
  0.000000000000000000e+00   0.000000000000000000e+00 
  0.000000000000000000e+00   0.000000000000000000e+00 
  0.000000000000000000e+00   0.000000000000000000e+00 
  0.000000000000000000e+00   0.000000000000000000e+00 
  0.000000000000000000e+00   0.000000000000000000e+00 
  0.000000000000000000e+00   0.000000000000000000e+00 
  0.000000000000000000e+00   0.000000000000000000e+00 
  0.000000000000000000e+00   0.000000000000000000e+00 
  0.000000000000000000e+00   0.000000000000000000e+00 
  0.000000000000000000e+00   0.000000000000000000e+00 
  0.000000000000000000e+00   0.000000000000000000e+00 
  0.000000000000000000e+00   0.000000000000000000e+00 
  0.000000000000000000e+00   0.000000000000000000e+00 
  0.000000000000000000e+00   0.000000000000000000e+00 
  0.000000000000000000e+00   0.000000000000000000e+00 
  0.000000000000000000e+00   0.000000000000000000e+00 
  0.000000000000000000e+00   0.000000000000000000e+00 
  0.000000000000000000e+00   0.000000000000000000e+00 
  0.000000000000000000e+00   0.000000000000000000e+00 
  0.000000000000000000e+00   0.000000000000000000e+00 
  0.000000000000000000e+00   0.000000000000000000e+00 
  0.000000000000000000e+00   0.000000000000000000e+00 
  0.000000000000000000e+00   0.000000000000000000e+00 
  0.000000000000000000e+00   0.000000000000000000e+00 
  0.000000000000000000e+00   0.000000000000000000e+00 
  0.000000000000000000e+00   0.000000000000000000e+00 
  0.000000000000000000e+00   0.000000000000000000e+00 
  0.000000000000000000e+00   0.000000000000000000e+00 
  0.000000000000000000e+00   0.000000000000000000e+00 
  0.000000000000000000e+00   0.000000000000000000e+00 
  0.000000000000000000e+00   0.000000000000000000e+00 
  0.000000000000000000e+00   0.000000000000000000e+00 
  0.000000000000000000e+00   0.000000000000000000e+00 
  0.000000000000000000e+00   0.000000000000000000e+00 
  0.000000000000000000e+00   0.000000000000000000e+00 
  0.000000000000000000e+00   0.000000000000000000e+00 
  0.000000000000000000e+00   0.000000000000000000e+00 
  0.000000000000000000e+00   0.000000000000000000e+00 
  0.000000000000000000e+00   0.000000000000000000e+00 
  0.000000000000000000e+00   0.000000000000000000e+00 
  0.000000000000000000e+00   0.000000000000000000e+00 
  0.000000000000000000e+00   0.000000000000000000e+00 
  0.000000000000000000e+00   0.000000000000000000e+00 
  0.000000000000000000e+00   0.000000000000000000e+00 
  0.000000000000000000e+00   0.000000000000000000e+00 
  0.000000000000000000e+00   0.000000000000000000e+00 
  0.000000000000000000e+00   0.000000000000000000e+00 
  0.000000000000000000e+00   0.000000000000000000e+00 
  0.000000000000000000e+00   0.000000000000000000e+00 
  0.000000000000000000e+00   0.000000000000000000e+00 
  0.000000000000000000e+00   0.000000000000000000e+00 
  0.000000000000000000e+00   0.000000000000000000e+00 
  0.000000000000000000e+00   0.000000000000000000e+00 
  0.000000000000000000e+00   0.000000000000000000e+00 
  0.000000000000000000e+00   0.000000000000000000e+00 
  0.000000000000000000e+00   0.000000000000000000e+00 
  0.000000000000000000e+00   0.000000000000000000e+00 
  0.000000000000000000e+00   0.000000000000000000e+00 
  0.000000000000000000e+00   0.000000000000000000e+00 
  0.000000000000000000e+00   0.000000000000000000e+00 
  0.000000000000000000e+00   0.000000000000000000e+00 
  0.000000000000000000e+00   0.000000000000000000e+00 
  0.000000000000000000e+00   0.000000000000000000e+00 
  0.000000000000000000e+00   0.000000000000000000e+00 
  0.000000000000000000e+00   0.000000000000000000e+00 
  0.000000000000000000e+00   0.000000000000000000e+00 
  0.000000000000000000e+00   0.000000000000000000e+00 
  0.000000000000000000e+00   0.000000000000000000e+00 
  0.000000000000000000e+00   0.000000000000000000e+00 
  0.000000000000000000e+00   0.000000000000000000e+00 
  0.000000000000000000e+00   0.000000000000000000e+00 
  0.000000000000000000e+00   0.000000000000000000e+00 
  0.000000000000000000e+00   0.000000000000000000e+00 
  0.000000000000000000e+00   0.000000000000000000e+00 
  0.000000000000000000e+00   0.000000000000000000e+00 
  0.000000000000000000e+00   0.000000000000000000e+00 
  0.000000000000000000e+00   0.000000000000000000e+00 
  0.000000000000000000e+00   0.000000000000000000e+00 
  0.000000000000000000e+00   0.000000000000000000e+00 
  0.000000000000000000e+00   0.000000000000000000e+00 
  0.000000000000000000e+00   0.000000000000000000e+00 
  0.000000000000000000e+00   0.000000000000000000e+00 
  0.000000000000000000e+00   0.000000000000000000e+00 
  0.000000000000000000e+00   0.000000000000000000e+00 
  0.000000000000000000e+00   0.000000000000000000e+00 
  0.000000000000000000e+00   0.000000000000000000e+00 
  0.000000000000000000e+00   0.000000000000000000e+00 
 -1.487827474273290705e-16   0.000000000000000000e+00 
  0.000000000000000000e+00   0.000000000000000000e+00 
  0.000000000000000000e+00   0.000000000000000000e+00 
  0.000000000000000000e+00   0.000000000000000000e+00 
  0.000000000000000000e+00   0.000000000000000000e+00 
  0.000000000000000000e+00   0.000000000000000000e+00 
  0.000000000000000000e+00   0.000000000000000000e+00 
  0.000000000000000000e+00   0.000000000000000000e+00 
  0.000000000000000000e+00   0.000000000000000000e+00 
 -7.944186529476765513e-01   0.000000000000000000e+00 
 -3.863882580357261044e-22   0.000000000000000000e+00 
  1.339860902678500358e-21   0.000000000000000000e+00 
  0.000000000000000000e+00   0.000000000000000000e+00 
  0.000000000000000000e+00   0.000000000000000000e+00 
  0.000000000000000000e+00   0.000000000000000000e+00 
  0.000000000000000000e+00   0.000000000000000000e+00 
  0.000000000000000000e+00   0.000000000000000000e+00 
  0.000000000000000000e+00   0.000000000000000000e+00 
  0.000000000000000000e+00   0.000000000000000000e+00 
  0.000000000000000000e+00   0.000000000000000000e+00 
  1.540865499473809240e-20   0.000000000000000000e+00 
 -7.249550910692483887e-21   0.000000000000000000e+00 
  1.906083198518280261e-20   0.000000000000000000e+00 
 -2.601647921556010600e-20   0.000000000000000000e+00 
 -9.519618345645043728e-21   0.000000000000000000e+00 
 -3.007303512041040137e-20   0.000000000000000000e+00 
  0.000000000000000000e+00   0.000000000000000000e+00 
  0.000000000000000000e+00   0.000000000000000000e+00 
  0.000000000000000000e+00   0.000000000000000000e+00 
  0.000000000000000000e+00   0.000000000000000000e+00 
 -2.748904909459015607e-34   0.000000000000000000e+00 
  1.613763460820976504e-34   0.000000000000000000e+00 
  6.057363339429530934e-35   0.000000000000000000e+00 
  2.522615672755376111e-34   0.000000000000000000e+00 
  1.843083662708908247e-21   0.000000000000000000e+00 
  1.306037375530026159e-20   0.000000000000000000e+00 
  0.000000000000000000e+00   0.000000000000000000e+00 
  0.000000000000000000e+00   0.000000000000000000e+00 
  0.000000000000000000e+00   0.000000000000000000e+00 
  0.000000000000000000e+00   0.000000000000000000e+00 
  2.735213744847936691e-34   0.000000000000000000e+00 
  6.871144770648722095e-34   0.000000000000000000e+00 
  1.053166556002380730e-34   0.000000000000000000e+00 
  5.332630668015276879e-34   0.000000000000000000e+00 
  3.790112754571024468e-20   0.000000000000000000e+00 
  2.685732077765423246e-19   0.000000000000000000e+00 
  0.000000000000000000e+00   0.000000000000000000e+00 
  0.000000000000000000e+00   0.000000000000000000e+00 
  0.000000000000000000e+00   0.000000000000000000e+00 
  0.000000000000000000e+00   0.000000000000000000e+00 
  9.544599490522309744e-34   0.000000000000000000e+00 
 -9.106908842370042647e-34   0.000000000000000000e+00 
  1.233359149906850897e-34   0.000000000000000000e+00 
 -7.444746987036747326e-34   0.000000000000000000e+00 
  1.778471239686267813e-21   0.000000000000000000e+00 
  1.260252020747282550e-20   0.000000000000000000e+00 
  0.000000000000000000e+00   0.000000000000000000e+00 
  0.000000000000000000e+00   0.000000000000000000e+00 
  0.000000000000000000e+00   0.000000000000000000e+00 
  1.282822290446116786e-06   0.000000000000000000e+00 
  3.571811741861581905e-16   0.000000000000000000e+00 
  9.999999999991775468e-01   0.000000000000000000e+00 
  0.000000000000000000e+00   0.000000000000000000e+00 
  0.000000000000000000e+00   0.000000000000000000e+00 
  0.000000000000000000e+00   0.000000000000000000e+00 
  0.000000000000000000e+00   0.000000000000000000e+00 
  0.000000000000000000e+00   0.000000000000000000e+00 
  0.000000000000000000e+00   0.000000000000000000e+00 
  0.000000000000000000e+00   0.000000000000000000e+00 
  9.999999999991771027e-01   0.000000000000000000e+00 
 -8.581402514103648317e-19   0.000000000000000000e+00 
 -1.282822290421665274e-06   0.000000000000000000e+00 
  0.000000000000000000e+00   0.000000000000000000e+00 
  0.000000000000000000e+00   0.000000000000000000e+00 
  0.000000000000000000e+00   0.000000000000000000e+00 
  0.000000000000000000e+00   0.000000000000000000e+00 
  0.000000000000000000e+00   0.000000000000000000e+00 
  0.000000000000000000e+00   0.000000000000000000e+00 
  0.000000000000000000e+00   0.000000000000000000e+00 
  0.000000000000000000e+00   0.000000000000000000e+00 
  2.248777410081387066e-21   0.000000000000000000e+00 
  4.943864572320797550e-20   0.000000000000000000e+00 
  2.127337168087099226e-20   0.000000000000000000e+00 
  1.904648447303889354e-20   0.000000000000000000e+00 
  4.225269733444963382e-20   0.000000000000000000e+00 
  3.114139748432496023e-19   0.000000000000000000e+00 
  0.000000000000000000e+00   0.000000000000000000e+00 
  0.000000000000000000e+00   0.000000000000000000e+00 
  0.000000000000000000e+00   0.000000000000000000e+00 
  6.742675837752205244e-17   0.000000000000000000e+00 
 -2.775557561562891351e-16   0.000000000000000000e+00 
  7.913280994548198595e-17   0.000000000000000000e+00 
 -5.551115123125782702e-17   0.000000000000000000e+00 
  1.387778780781445676e-17   0.000000000000000000e+00 
  0.000000000000000000e+00   0.000000000000000000e+00 
  0.000000000000000000e+00   0.000000000000000000e+00 
  0.000000000000000000e+00   0.000000000000000000e+00 
  0.000000000000000000e+00   0.000000000000000000e+00 
  0.000000000000000000e+00   0.000000000000000000e+00 
  0.000000000000000000e+00   0.000000000000000000e+00 
 -6.542902488965906285e-33   0.000000000000000000e+00 
  4.396078194897700205e-33   0.000000000000000000e+00 
 -4.352308981710587203e-33   0.000000000000000000e+00 
  3.191222240751004542e-33   0.000000000000000000e+00 
 -4.517007867549877556e-19   0.000000000000000000e+00 
 -3.200821112977789691e-18   0.000000000000000000e+00 
  0.000000000000000000e+00   0.000000000000000000e+00 
  0.000000000000000000e+00   0.000000000000000000e+00 
  0.000000000000000000e+00   0.000000000000000000e+00 
 -3.863882580357261044e-22   0.000000000000000000e+00 
 -8.589516911314623027e-01   0.000000000000000000e+00 
  0.000000000000000000e+00   0.000000000000000000e+00 
  0.000000000000000000e+00   0.000000000000000000e+00 
  0.000000000000000000e+00   0.000000000000000000e+00 
  0.000000000000000000e+00   0.000000000000000000e+00 
  0.000000000000000000e+00   0.000000000000000000e+00 
  0.000000000000000000e+00   0.000000000000000000e+00 
 -1.490777987167568597e-19   0.000000000000000000e+00 
  0.000000000000000000e+00   0.000000000000000000e+00 
  1.540865499473809240e-20   0.000000000000000000e+00 
  7.270202269622229285e-20   0.000000000000000000e+00 
  0.000000000000000000e+00   0.000000000000000000e+00 
  0.000000000000000000e+00   0.000000000000000000e+00 
  0.000000000000000000e+00   0.000000000000000000e+00 
  0.000000000000000000e+00   0.000000000000000000e+00 
  0.000000000000000000e+00   0.000000000000000000e+00 
  0.000000000000000000e+00   0.000000000000000000e+00 
  0.000000000000000000e+00   0.000000000000000000e+00 
  0.000000000000000000e+00   0.000000000000000000e+00 
 -2.748904909459015607e-34   0.000000000000000000e+00 
 -3.557871058477291212e-35   0.000000000000000000e+00 
  0.000000000000000000e+00   0.000000000000000000e+00 
  0.000000000000000000e+00   0.000000000000000000e+00 
  0.000000000000000000e+00   0.000000000000000000e+00 
  0.000000000000000000e+00   0.000000000000000000e+00 
  0.000000000000000000e+00   0.000000000000000000e+00 
  0.000000000000000000e+00   0.000000000000000000e+00 
  0.000000000000000000e+00   0.000000000000000000e+00 
  0.000000000000000000e+00   0.000000000000000000e+00 
  2.735213744847936691e-34   0.000000000000000000e+00 
 -2.243376941821202968e-34   0.000000000000000000e+00 
  0.000000000000000000e+00   0.000000000000000000e+00 
  0.000000000000000000e+00   0.000000000000000000e+00 
  0.000000000000000000e+00   0.000000000000000000e+00 
  0.000000000000000000e+00   0.000000000000000000e+00 
  0.000000000000000000e+00   0.000000000000000000e+00 
  0.000000000000000000e+00   0.000000000000000000e+00 
  0.000000000000000000e+00   0.000000000000000000e+00 
  0.000000000000000000e+00   0.000000000000000000e+00 
  9.544599490522309744e-34   0.000000000000000000e+00 
  4.845147833849964030e-36   0.000000000000000000e+00 
  0.000000000000000000e+00   0.000000000000000000e+00 
  0.000000000000000000e+00   0.000000000000000000e+00 
  0.000000000000000000e+00   0.000000000000000000e+00 
  0.000000000000000000e+00   0.000000000000000000e+00 
  0.000000000000000000e+00   0.000000000000000000e+00 
  0.000000000000000000e+00   0.000000000000000000e+00 
  0.000000000000000000e+00   0.000000000000000000e+00 
  0.000000000000000000e+00   0.000000000000000000e+00 
  3.571811741861581905e-16   0.000000000000000000e+00 
  2.641832235015118685e-17   0.000000000000000000e+00 
  0.000000000000000000e+00   0.000000000000000000e+00 
  0.000000000000000000e+00   0.000000000000000000e+00 
  0.000000000000000000e+00   0.000000000000000000e+00 
  0.000000000000000000e+00   0.000000000000000000e+00 
  0.000000000000000000e+00   0.000000000000000000e+00 
  0.000000000000000000e+00   0.000000000000000000e+00 
  0.000000000000000000e+00   0.000000000000000000e+00 
  0.000000000000000000e+00   0.000000000000000000e+00 
 -8.581402514103648317e-19   0.000000000000000000e+00 
  2.775557561562891351e-16   0.000000000000000000e+00 
  0.000000000000000000e+00   0.000000000000000000e+00 
  0.000000000000000000e+00   0.000000000000000000e+00 
  0.000000000000000000e+00   0.000000000000000000e+00 
  0.000000000000000000e+00   0.000000000000000000e+00 
  0.000000000000000000e+00   0.000000000000000000e+00 
  0.000000000000000000e+00   0.000000000000000000e+00 
 -8.673617379884035472e-19   0.000000000000000000e+00 
  0.000000000000000000e+00   0.000000000000000000e+00 
  2.248777410081387066e-21   0.000000000000000000e+00 
 -7.229390360119122796e-20   0.000000000000000000e+00 
  0.000000000000000000e+00   0.000000000000000000e+00 
  0.000000000000000000e+00   0.000000000000000000e+00 
  0.000000000000000000e+00   0.000000000000000000e+00 
  0.000000000000000000e+00   0.000000000000000000e+00 
  0.000000000000000000e+00   0.000000000000000000e+00 
  0.000000000000000000e+00   0.000000000000000000e+00 
  0.000000000000000000e+00   0.000000000000000000e+00 
  0.000000000000000000e+00   0.000000000000000000e+00 
 -2.775557561562891351e-16   0.000000000000000000e+00 
 -1.110223024625156540e-16   0.000000000000000000e+00 
  0.000000000000000000e+00   0.000000000000000000e+00 
  0.000000000000000000e+00   0.000000000000000000e+00 
  0.000000000000000000e+00   0.000000000000000000e+00 
  0.000000000000000000e+00   0.000000000000000000e+00 
  0.000000000000000000e+00   0.000000000000000000e+00 
 -8.901906368706054928e-18   0.000000000000000000e+00 
  1.901227858236719256e-18   0.000000000000000000e+00 
 -1.487827474273290705e-16   0.000000000000000000e+00 
 -6.542902488965906285e-33   0.000000000000000000e+00 
  3.751023273783233848e-33   0.000000000000000000e+00 
 -5.551115123125782702e-17   0.000000000000000000e+00 
 -1.110223024625156540e-16   0.000000000000000000e+00 
  0.000000000000000000e+00   0.000000000000000000e+00 
  0.000000000000000000e+00   0.000000000000000000e+00 
  0.000000000000000000e+00   0.000000000000000000e+00 
  0.000000000000000000e+00   0.000000000000000000e+00 
  0.000000000000000000e+00   0.000000000000000000e+00 
  0.000000000000000000e+00   0.000000000000000000e+00 
  1.339860902678500358e-21   0.000000000000000000e+00 
  0.000000000000000000e+00   0.000000000000000000e+00 
 -7.944186529476767733e-01   0.000000000000000000e+00 
  0.000000000000000000e+00   0.000000000000000000e+00 
  0.000000000000000000e+00   0.000000000000000000e+00 
  0.000000000000000000e+00   0.000000000000000000e+00 
  0.000000000000000000e+00   0.000000000000000000e+00 
  0.000000000000000000e+00   0.000000000000000000e+00 
  0.000000000000000000e+00   0.000000000000000000e+00 
  0.000000000000000000e+00   0.000000000000000000e+00 
 -7.249550910692483887e-21   0.000000000000000000e+00 
  0.000000000000000000e+00   0.000000000000000000e+00 
 -8.438786520589736535e-20   0.000000000000000000e+00 
  0.000000000000000000e+00   0.000000000000000000e+00 
  0.000000000000000000e+00   0.000000000000000000e+00 
  0.000000000000000000e+00   0.000000000000000000e+00 
  0.000000000000000000e+00   0.000000000000000000e+00 
  0.000000000000000000e+00   0.000000000000000000e+00 
  0.000000000000000000e+00   0.000000000000000000e+00 
  0.000000000000000000e+00   0.000000000000000000e+00 
  1.613763460820976504e-34   0.000000000000000000e+00 
  0.000000000000000000e+00   0.000000000000000000e+00 
  4.129749519587253861e-35   0.000000000000000000e+00 
  0.000000000000000000e+00   0.000000000000000000e+00 
  0.000000000000000000e+00   0.000000000000000000e+00 
  0.000000000000000000e+00   0.000000000000000000e+00 
  0.000000000000000000e+00   0.000000000000000000e+00 
  0.000000000000000000e+00   0.000000000000000000e+00 
  0.000000000000000000e+00   0.000000000000000000e+00 
  0.000000000000000000e+00   0.000000000000000000e+00 
  6.871144770648722095e-34   0.000000000000000000e+00 
  0.000000000000000000e+00   0.000000000000000000e+00 
  2.603968692362983929e-34   0.000000000000000000e+00 
  0.000000000000000000e+00   0.000000000000000000e+00 
  0.000000000000000000e+00   0.000000000000000000e+00 
  0.000000000000000000e+00   0.000000000000000000e+00 
  0.000000000000000000e+00   0.000000000000000000e+00 
  0.000000000000000000e+00   0.000000000000000000e+00 
  0.000000000000000000e+00   0.000000000000000000e+00 
  0.000000000000000000e+00   0.000000000000000000e+00 
 -9.106908842370042647e-34   0.000000000000000000e+00 
  0.000000000000000000e+00   0.000000000000000000e+00 
 -5.623938195145020176e-36   0.000000000000000000e+00 
  0.000000000000000000e+00   0.000000000000000000e+00 
  0.000000000000000000e+00   0.000000000000000000e+00 
  0.000000000000000000e+00   0.000000000000000000e+00 
  0.000000000000000000e+00   0.000000000000000000e+00 
  0.000000000000000000e+00   0.000000000000000000e+00 
  0.000000000000000000e+00   0.000000000000000000e+00 
  0.000000000000000000e+00   0.000000000000000000e+00 
  9.999999999991775468e-01   0.000000000000000000e+00 
  0.000000000000000000e+00   0.000000000000000000e+00 
 -1.282822290484834026e-06   0.000000000000000000e+00 
  0.000000000000000000e+00   0.000000000000000000e+00 
  0.000000000000000000e+00   0.000000000000000000e+00 
  0.000000000000000000e+00   0.000000000000000000e+00 
  0.000000000000000000e+00   0.000000000000000000e+00 
  0.000000000000000000e+00   0.000000000000000000e+00 
  0.000000000000000000e+00   0.000000000000000000e+00 
  0.000000000000000000e+00   0.000000000000000000e+00 
 -1.282822290421665274e-06   0.000000000000000000e+00 
  0.000000000000000000e+00   0.000000000000000000e+00 
 -9.999999999991771027e-01   0.000000000000000000e+00 
  0.000000000000000000e+00   0.000000000000000000e+00 
  0.000000000000000000e+00   0.000000000000000000e+00 
  0.000000000000000000e+00   0.000000000000000000e+00 
  0.000000000000000000e+00   0.000000000000000000e+00 
  0.000000000000000000e+00   0.000000000000000000e+00 
  0.000000000000000000e+00   0.000000000000000000e+00 
  0.000000000000000000e+00   0.000000000000000000e+00 
  4.943864572320797550e-20   0.000000000000000000e+00 
  0.000000000000000000e+00   0.000000000000000000e+00 
  8.391414662280732235e-20   0.000000000000000000e+00 
  0.000000000000000000e+00   0.000000000000000000e+00 
  0.000000000000000000e+00   0.000000000000000000e+00 
  0.000000000000000000e+00   0.000000000000000000e+00 
  0.000000000000000000e+00   0.000000000000000000e+00 
  0.000000000000000000e+00   0.000000000000000000e+00 
  0.000000000000000000e+00   0.000000000000000000e+00 
  0.000000000000000000e+00   0.000000000000000000e+00 
  7.913280994548198595e-17   0.000000000000000000e+00 
  0.000000000000000000e+00   0.000000000000000000e+00 
  2.220446049250313081e-16   0.000000000000000000e+00 
  0.000000000000000000e+00   0.000000000000000000e+00 
  0.000000000000000000e+00   0.000000000000000000e+00 
  0.000000000000000000e+00   0.000000000000000000e+00 
  0.000000000000000000e+00   0.000000000000000000e+00 
  0.000000000000000000e+00   0.000000000000000000e+00 
  0.000000000000000000e+00   0.000000000000000000e+00 
  0.000000000000000000e+00   0.000000000000000000e+00 
  4.396078194897700205e-33   0.000000000000000000e+00 
 -5.551115123125782702e-17   0.000000000000000000e+00 
 -4.353948276443911920e-33   0.000000000000000000e+00 
  0.000000000000000000e+00   0.000000000000000000e+00 
  0.000000000000000000e+00   0.000000000000000000e+00 
  0.000000000000000000e+00   0.000000000000000000e+00 
  0.000000000000000000e+00   0.000000000000000000e+00 
  0.000000000000000000e+00   0.000000000000000000e+00 
  0.000000000000000000e+00   0.000000000000000000e+00 
  0.000000000000000000e+00   0.000000000000000000e+00 
  0.000000000000000000e+00   0.000000000000000000e+00 
  0.000000000000000000e+00   0.000000000000000000e+00 
  0.000000000000000000e+00   0.000000000000000000e+00 
  0.000000000000000000e+00   0.000000000000000000e+00 
  0.000000000000000000e+00   0.000000000000000000e+00 
  0.000000000000000000e+00   0.000000000000000000e+00 
  0.000000000000000000e+00   0.000000000000000000e+00 
  0.000000000000000000e+00   0.000000000000000000e+00 
  0.000000000000000000e+00   0.000000000000000000e+00 
  0.000000000000000000e+00   0.000000000000000000e+00 
  1.906083198518280261e-20   0.000000000000000000e+00 
  0.000000000000000000e+00   0.000000000000000000e+00 
  0.000000000000000000e+00   0.000000000000000000e+00 
  0.000000000000000000e+00   0.000000000000000000e+00 
  0.000000000000000000e+00   0.000000000000000000e+00 
  0.000000000000000000e+00   0.000000000000000000e+00 
  0.000000000000000000e+00   0.000000000000000000e+00 
  0.000000000000000000e+00   0.000000000000000000e+00 
  0.000000000000000000e+00   0.000000000000000000e+00 
  0.000000000000000000e+00   0.000000000000000000e+00 
  6.057363339429530934e-35   0.000000000000000000e+00 
  0.000000000000000000e+00   0.000000000000000000e+00 
  0.000000000000000000e+00   0.000000000000000000e+00 
  0.000000000000000000e+00   0.000000000000000000e+00 
  0.000000000000000000e+00   0.000000000000000000e+00 
  0.000000000000000000e+00   0.000000000000000000e+00 
  0.000000000000000000e+00   0.000000000000000000e+00 
  0.000000000000000000e+00   0.000000000000000000e+00 
  0.000000000000000000e+00   0.000000000000000000e+00 
  0.000000000000000000e+00   0.000000000000000000e+00 
  1.053166556002380730e-34   0.000000000000000000e+00 
  0.000000000000000000e+00   0.000000000000000000e+00 
  0.000000000000000000e+00   0.000000000000000000e+00 
  0.000000000000000000e+00   0.000000000000000000e+00 
  0.000000000000000000e+00   0.000000000000000000e+00 
  0.000000000000000000e+00   0.000000000000000000e+00 
  0.000000000000000000e+00   0.000000000000000000e+00 
  0.000000000000000000e+00   0.000000000000000000e+00 
  0.000000000000000000e+00   0.000000000000000000e+00 
  0.000000000000000000e+00   0.000000000000000000e+00 
  1.233359149906850897e-34   0.000000000000000000e+00 
  0.000000000000000000e+00   0.000000000000000000e+00 
  0.000000000000000000e+00   0.000000000000000000e+00 
  0.000000000000000000e+00   0.000000000000000000e+00 
  0.000000000000000000e+00   0.000000000000000000e+00 
  0.000000000000000000e+00   0.000000000000000000e+00 
  0.000000000000000000e+00   0.000000000000000000e+00 
  0.000000000000000000e+00   0.000000000000000000e+00 
  0.000000000000000000e+00   0.000000000000000000e+00 
  0.000000000000000000e+00   0.000000000000000000e+00 
  0.000000000000000000e+00   0.000000000000000000e+00 
  0.000000000000000000e+00   0.000000000000000000e+00 
  0.000000000000000000e+00   0.000000000000000000e+00 
  0.000000000000000000e+00   0.000000000000000000e+00 
  0.000000000000000000e+00   0.000000000000000000e+00 
  0.000000000000000000e+00   0.000000000000000000e+00 
  0.000000000000000000e+00   0.000000000000000000e+00 
  0.000000000000000000e+00   0.000000000000000000e+00 
  0.000000000000000000e+00   0.000000000000000000e+00 
  0.000000000000000000e+00   0.000000000000000000e+00 
  0.000000000000000000e+00   0.000000000000000000e+00 
  0.000000000000000000e+00   0.000000000000000000e+00 
  0.000000000000000000e+00   0.000000000000000000e+00 
  0.000000000000000000e+00   0.000000000000000000e+00 
  0.000000000000000000e+00   0.000000000000000000e+00 
  0.000000000000000000e+00   0.000000000000000000e+00 
  0.000000000000000000e+00   0.000000000000000000e+00 
  0.000000000000000000e+00   0.000000000000000000e+00 
  0.000000000000000000e+00   0.000000000000000000e+00 
  0.000000000000000000e+00   0.000000000000000000e+00 
  2.127337168087099226e-20   0.000000000000000000e+00 
  0.000000000000000000e+00   0.000000000000000000e+00 
  0.000000000000000000e+00   0.000000000000000000e+00 
  0.000000000000000000e+00   0.000000000000000000e+00 
  0.000000000000000000e+00   0.000000000000000000e+00 
  0.000000000000000000e+00   0.000000000000000000e+00 
  0.000000000000000000e+00   0.000000000000000000e+00 
  0.000000000000000000e+00   0.000000000000000000e+00 
  0.000000000000000000e+00   0.000000000000000000e+00 
  0.000000000000000000e+00   0.000000000000000000e+00 
 -5.551115123125782702e-17   0.000000000000000000e+00 
  0.000000000000000000e+00   0.000000000000000000e+00 
  0.000000000000000000e+00   0.000000000000000000e+00 
  0.000000000000000000e+00   0.000000000000000000e+00 
  0.000000000000000000e+00   0.000000000000000000e+00 
  0.000000000000000000e+00   0.000000000000000000e+00 
  0.000000000000000000e+00   0.000000000000000000e+00 
  0.000000000000000000e+00   0.000000000000000000e+00 
  0.000000000000000000e+00   0.000000000000000000e+00 
  0.000000000000000000e+00   0.000000000000000000e+00 
 -4.352308981710587203e-33   0.000000000000000000e+00 
 -1.110223024625156540e-16   0.000000000000000000e+00 
  0.000000000000000000e+00   0.000000000000000000e+00 
  0.000000000000000000e+00   0.000000000000000000e+00 
  0.000000000000000000e+00   0.000000000000000000e+00 
  0.000000000000000000e+00   0.000000000000000000e+00 
  0.000000000000000000e+00   0.000000000000000000e+00 
  0.000000000000000000e+00   0.000000000000000000e+00 
  0.000000000000000000e+00   0.000000000000000000e+00 
  0.000000000000000000e+00   0.000000000000000000e+00 
  0.000000000000000000e+00   0.000000000000000000e+00 
  0.000000000000000000e+00   0.000000000000000000e+00 
  0.000000000000000000e+00   0.000000000000000000e+00 
  0.000000000000000000e+00   0.000000000000000000e+00 
  0.000000000000000000e+00   0.000000000000000000e+00 
  0.000000000000000000e+00   0.000000000000000000e+00 
  0.000000000000000000e+00   0.000000000000000000e+00 
  0.000000000000000000e+00   0.000000000000000000e+00 
  0.000000000000000000e+00   0.000000000000000000e+00 
  0.000000000000000000e+00   0.000000000000000000e+00 
 -2.601647921556010600e-20   0.000000000000000000e+00 
  0.000000000000000000e+00   0.000000000000000000e+00 
  0.000000000000000000e+00   0.000000000000000000e+00 
  0.000000000000000000e+00   0.000000000000000000e+00 
 -3.078266764363460015e-02   0.000000000000000000e+00 
  2.327799004985323106e-16   0.000000000000000000e+00 
 -1.517541051927252284e-16   0.000000000000000000e+00 
  0.000000000000000000e+00   0.000000000000000000e+00 
  0.000000000000000000e+00   0.000000000000000000e+00 
  0.000000000000000000e+00   0.000000000000000000e+00 
  2.522615672755376111e-34   0.000000000000000000e+00 
  0.000000000000000000e+00   0.000000000000000000e+00 
  0.000000000000000000e+00   0.000000000000000000e+00 
  0.000000000000000000e+00   0.000000000000000000e+00 
 -1.413878505166811905e+00   0.000000000000000000e+00 
 -2.961430759583905326e-19   0.000000000000000000e+00 
  3.552140018009935089e-18   0.000000000000000000e+00 
  0.000000000000000000e+00   0.000000000000000000e+00 
  0.000000000000000000e+00   0.000000000000000000e+00 
  0.000000000000000000e+00   0.000000000000000000e+00 
  5.332630668015276879e-34   0.000000000000000000e+00 
  0.000000000000000000e+00   0.000000000000000000e+00 
  0.000000000000000000e+00   0.000000000000000000e+00 
  0.000000000000000000e+00   0.000000000000000000e+00 
 -1.166998915820598188e-15   0.000000000000000000e+00 
  2.427657927823136623e-17   0.000000000000000000e+00 
  2.809658712923957141e-16   0.000000000000000000e+00 
  0.000000000000000000e+00   0.000000000000000000e+00 
  0.000000000000000000e+00   0.000000000000000000e+00 
  0.000000000000000000e+00   0.000000000000000000e+00 
 -7.444746987036747326e-34   0.000000000000000000e+00 
  0.000000000000000000e+00   0.000000000000000000e+00 
  0.000000000000000000e+00   0.000000000000000000e+00 
  0.000000000000000000e+00   0.000000000000000000e+00 
  6.119882948171628811e-01   0.000000000000000000e+00 
  4.455968799939678791e-20   0.000000000000000000e+00 
 -3.378302122738688506e-17   0.000000000000000000e+00 
  0.000000000000000000e+00   0.000000000000000000e+00 
  0.000000000000000000e+00   0.000000000000000000e+00 
  0.000000000000000000e+00   0.000000000000000000e+00 
  0.000000000000000000e+00   0.000000000000000000e+00 
  0.000000000000000000e+00   0.000000000000000000e+00 
  0.000000000000000000e+00   0.000000000000000000e+00 
  0.000000000000000000e+00   0.000000000000000000e+00 
  0.000000000000000000e+00   0.000000000000000000e+00 
  0.000000000000000000e+00   0.000000000000000000e+00 
  0.000000000000000000e+00   0.000000000000000000e+00 
  0.000000000000000000e+00   0.000000000000000000e+00 
  0.000000000000000000e+00   0.000000000000000000e+00 
  0.000000000000000000e+00   0.000000000000000000e+00 
  0.000000000000000000e+00   0.000000000000000000e+00 
  0.000000000000000000e+00   0.000000000000000000e+00 
  0.000000000000000000e+00   0.000000000000000000e+00 
  0.000000000000000000e+00   0.000000000000000000e+00 
  0.000000000000000000e+00   0.000000000000000000e+00 
  0.000000000000000000e+00   0.000000000000000000e+00 
  0.000000000000000000e+00   0.000000000000000000e+00 
  0.000000000000000000e+00   0.000000000000000000e+00 
  0.000000000000000000e+00   0.000000000000000000e+00 
  0.000000000000000000e+00   0.000000000000000000e+00 
  1.904648447303889354e-20   0.000000000000000000e+00 
  0.000000000000000000e+00   0.000000000000000000e+00 
  0.000000000000000000e+00   0.000000000000000000e+00 
  0.000000000000000000e+00   0.000000000000000000e+00 
  2.837086034851443728e-16   0.000000000000000000e+00 
  3.521488656232918402e-16   0.000000000000000000e+00 
 -1.000000000000000000e+00   0.000000000000000000e+00 
  0.000000000000000000e+00   0.000000000000000000e+00 
  0.000000000000000000e+00   0.000000000000000000e+00 
  0.000000000000000000e+00   0.000000000000000000e+00 
  1.387778780781445676e-17   0.000000000000000000e+00 
  0.000000000000000000e+00   0.000000000000000000e+00 
  0.000000000000000000e+00   0.000000000000000000e+00 
  0.000000000000000000e+00   0.000000000000000000e+00 
  0.000000000000000000e+00   0.000000000000000000e+00 
  0.000000000000000000e+00   0.000000000000000000e+00 
  0.000000000000000000e+00   0.000000000000000000e+00 
  0.000000000000000000e+00   0.000000000000000000e+00 
  0.000000000000000000e+00   0.000000000000000000e+00 
  0.000000000000000000e+00   0.000000000000000000e+00 
  3.191222240751004542e-33   0.000000000000000000e+00 
  0.000000000000000000e+00   0.000000000000000000e+00 
  0.000000000000000000e+00   0.000000000000000000e+00 
  0.000000000000000000e+00   0.000000000000000000e+00 
  8.396287870393837422e-23   0.000000000000000000e+00 
  1.684167480196969566e-17   0.000000000000000000e+00 
 -1.161487827884914091e-19   0.000000000000000000e+00 
  0.000000000000000000e+00   0.000000000000000000e+00 
  0.000000000000000000e+00   0.000000000000000000e+00 
  0.000000000000000000e+00   0.000000000000000000e+00 
  0.000000000000000000e+00   0.000000000000000000e+00 
  0.000000000000000000e+00   0.000000000000000000e+00 
  0.000000000000000000e+00   0.000000000000000000e+00 
  0.000000000000000000e+00   0.000000000000000000e+00 
  0.000000000000000000e+00   0.000000000000000000e+00 
  0.000000000000000000e+00   0.000000000000000000e+00 
  0.000000000000000000e+00   0.000000000000000000e+00 
  0.000000000000000000e+00   0.000000000000000000e+00 
  0.000000000000000000e+00   0.000000000000000000e+00 
  0.000000000000000000e+00   0.000000000000000000e+00 
 -9.519618345645043728e-21   0.000000000000000000e+00 
  0.000000000000000000e+00   0.000000000000000000e+00 
  0.000000000000000000e+00   0.000000000000000000e+00 
  0.000000000000000000e+00   0.000000000000000000e+00 
  2.327799004985323106e-16   0.000000000000000000e+00 
 -1.163467918030211806e-14   0.000000000000000000e+00 
  0.000000000000000000e+00   0.000000000000000000e+00 
  0.000000000000000000e+00   0.000000000000000000e+00 
  0.000000000000000000e+00   0.000000000000000000e+00 
  0.000000000000000000e+00   0.000000000000000000e+00 
  1.843083662708908247e-21   0.000000000000000000e+00 
  0.000000000000000000e+00   0.000000000000000000e+00 
  0.000000000000000000e+00   0.000000000000000000e+00 
  0.000000000000000000e+00   0.000000000000000000e+00 
 -2.961430759583905326e-19   0.000000000000000000e+00 
 -2.299868742571976326e-15   0.000000000000000000e+00 
  0.000000000000000000e+00   0.000000000000000000e+00 
  0.000000000000000000e+00   0.000000000000000000e+00 
  0.000000000000000000e+00   0.000000000000000000e+00 
  0.000000000000000000e+00   0.000000000000000000e+00 
  3.790112754571024468e-20   0.000000000000000000e+00 
  0.000000000000000000e+00   0.000000000000000000e+00 
  0.000000000000000000e+00   0.000000000000000000e+00 
  0.000000000000000000e+00   0.000000000000000000e+00 
  2.427657927823136623e-17   0.000000000000000000e+00 
  1.414213562373095590e+00   0.000000000000000000e+00 
  0.000000000000000000e+00   0.000000000000000000e+00 
  0.000000000000000000e+00   0.000000000000000000e+00 
  0.000000000000000000e+00   0.000000000000000000e+00 
  0.000000000000000000e+00   0.000000000000000000e+00 
  1.778471239686267813e-21   0.000000000000000000e+00 
  0.000000000000000000e+00   0.000000000000000000e+00 
  0.000000000000000000e+00   0.000000000000000000e+00 
  0.000000000000000000e+00   0.000000000000000000e+00 
  4.455968799939678791e-20   0.000000000000000000e+00 
 -1.118454582901588834e+00   0.000000000000000000e+00 
  0.000000000000000000e+00   0.000000000000000000e+00 
  0.000000000000000000e+00   0.000000000000000000e+00 
  0.000000000000000000e+00   0.000000000000000000e+00 
  0.000000000000000000e+00   0.000000000000000000e+00 
  0.000000000000000000e+00   0.000000000000000000e+00 
  0.000000000000000000e+00   0.000000000000000000e+00 
  0.000000000000000000e+00   0.000000000000000000e+00 
  0.000000000000000000e+00   0.000000000000000000e+00 
  0.000000000000000000e+00   0.000000000000000000e+00 
  0.000000000000000000e+00   0.000000000000000000e+00 
  0.000000000000000000e+00   0.000000000000000000e+00 
  0.000000000000000000e+00   0.000000000000000000e+00 
  0.000000000000000000e+00   0.000000000000000000e+00 
  0.000000000000000000e+00   0.000000000000000000e+00 
  0.000000000000000000e+00   0.000000000000000000e+00 
  0.000000000000000000e+00   0.000000000000000000e+00 
  0.000000000000000000e+00   0.000000000000000000e+00 
  0.000000000000000000e+00   0.000000000000000000e+00 
  0.000000000000000000e+00   0.000000000000000000e+00 
  0.000000000000000000e+00   0.000000000000000000e+00 
  0.000000000000000000e+00   0.000000000000000000e+00 
  0.000000000000000000e+00   0.000000000000000000e+00 
  0.000000000000000000e+00   0.000000000000000000e+00 
  0.000000000000000000e+00   0.000000000000000000e+00 
  4.225269733444963382e-20   0.000000000000000000e+00 
  0.000000000000000000e+00   0.000000000000000000e+00 
  0.000000000000000000e+00   0.000000000000000000e+00 
  0.000000000000000000e+00   0.000000000000000000e+00 
  3.521488656232918402e-16   0.000000000000000000e+00 
  4.546466285046402156e-16   0.000000000000000000e+00 
  0.000000000000000000e+00   0.000000000000000000e+00 
  0.000000000000000000e+00   0.000000000000000000e+00 
  0.000000000000000000e+00   0.000000000000000000e+00 
  0.000000000000000000e+00   0.000000000000000000e+00 
  0.000000000000000000e+00   0.000000000000000000e+00 
  0.000000000000000000e+00   0.000000000000000000e+00 
  0.000000000000000000e+00   0.000000000000000000e+00 
  0.000000000000000000e+00   0.000000000000000000e+00 
  0.000000000000000000e+00   0.000000000000000000e+00 
  0.000000000000000000e+00   0.000000000000000000e+00 
  0.000000000000000000e+00   0.000000000000000000e+00 
  0.000000000000000000e+00   0.000000000000000000e+00 
  0.000000000000000000e+00   0.000000000000000000e+00 
  0.000000000000000000e+00   0.000000000000000000e+00 
 -4.517007867549877556e-19   0.000000000000000000e+00 
  0.000000000000000000e+00   0.000000000000000000e+00 
  0.000000000000000000e+00   0.000000000000000000e+00 
  0.000000000000000000e+00   0.000000000000000000e+00 
  1.684167480196969566e-17   0.000000000000000000e+00 
 -8.088905766426390583e-33   0.000000000000000000e+00 
  0.000000000000000000e+00   0.000000000000000000e+00 
  0.000000000000000000e+00   0.000000000000000000e+00 
  0.000000000000000000e+00   0.000000000000000000e+00 
  0.000000000000000000e+00   0.000000000000000000e+00 
  0.000000000000000000e+00   0.000000000000000000e+00 
  0.000000000000000000e+00   0.000000000000000000e+00 
  0.000000000000000000e+00   0.000000000000000000e+00 
  0.000000000000000000e+00   0.000000000000000000e+00 
  0.000000000000000000e+00   0.000000000000000000e+00 
  0.000000000000000000e+00   0.000000000000000000e+00 
  0.000000000000000000e+00   0.000000000000000000e+00 
  0.000000000000000000e+00   0.000000000000000000e+00 
  0.000000000000000000e+00   0.000000000000000000e+00 
  0.000000000000000000e+00   0.000000000000000000e+00 
 -3.007303512041040137e-20   0.000000000000000000e+00 
  0.000000000000000000e+00   0.000000000000000000e+00 
  0.000000000000000000e+00   0.000000000000000000e+00 
  0.000000000000000000e+00   0.000000000000000000e+00 
 -1.517541051927252284e-16   0.000000000000000000e+00 
  0.000000000000000000e+00   0.000000000000000000e+00 
 -1.413878505166812349e+00   0.000000000000000000e+00 
  0.000000000000000000e+00   0.000000000000000000e+00 
  0.000000000000000000e+00   0.000000000000000000e+00 
  0.000000000000000000e+00   0.000000000000000000e+00 
  1.306037375530026159e-20   0.000000000000000000e+00 
  0.000000000000000000e+00   0.000000000000000000e+00 
  0.000000000000000000e+00   0.000000000000000000e+00 
  0.000000000000000000e+00   0.000000000000000000e+00 
  3.552140018009935089e-18   0.000000000000000000e+00 
  0.000000000000000000e+00   0.000000000000000000e+00 
  3.078266764363547098e-02   0.000000000000000000e+00 
  0.000000000000000000e+00   0.000000000000000000e+00 
  0.000000000000000000e+00   0.000000000000000000e+00 
  0.000000000000000000e+00   0.000000000000000000e+00 
  2.685732077765423246e-19   0.000000000000000000e+00 
  0.000000000000000000e+00   0.000000000000000000e+00 
  0.000000000000000000e+00   0.000000000000000000e+00 
  0.000000000000000000e+00   0.000000000000000000e+00 
  2.809658712923957141e-16   0.000000000000000000e+00 
  0.000000000000000000e+00   0.000000000000000000e+00 
 -1.169011278734282976e-14   0.000000000000000000e+00 
  0.000000000000000000e+00   0.000000000000000000e+00 
  0.000000000000000000e+00   0.000000000000000000e+00 
  0.000000000000000000e+00   0.000000000000000000e+00 
  1.260252020747282550e-20   0.000000000000000000e+00 
  0.000000000000000000e+00   0.000000000000000000e+00 
  0.000000000000000000e+00   0.000000000000000000e+00 
  0.000000000000000000e+00   0.000000000000000000e+00 
 -3.378302122738688506e-17   0.000000000000000000e+00 
  0.000000000000000000e+00   0.000000000000000000e+00 
  6.119882948171607717e-01   0.000000000000000000e+00 
  0.000000000000000000e+00   0.000000000000000000e+00 
  0.000000000000000000e+00   0.000000000000000000e+00 
  0.000000000000000000e+00   0.000000000000000000e+00 
  0.000000000000000000e+00   0.000000000000000000e+00 
  0.000000000000000000e+00   0.000000000000000000e+00 
  0.000000000000000000e+00   0.000000000000000000e+00 
  0.000000000000000000e+00   0.000000000000000000e+00 
  0.000000000000000000e+00   0.000000000000000000e+00 
  0.000000000000000000e+00   0.000000000000000000e+00 
  0.000000000000000000e+00   0.000000000000000000e+00 
  0.000000000000000000e+00   0.000000000000000000e+00 
  0.000000000000000000e+00   0.000000000000000000e+00 
  0.000000000000000000e+00   0.000000000000000000e+00 
  0.000000000000000000e+00   0.000000000000000000e+00 
  0.000000000000000000e+00   0.000000000000000000e+00 
  0.000000000000000000e+00   0.000000000000000000e+00 
  0.000000000000000000e+00   0.000000000000000000e+00 
  0.000000000000000000e+00   0.000000000000000000e+00 
  0.000000000000000000e+00   0.000000000000000000e+00 
  0.000000000000000000e+00   0.000000000000000000e+00 
  0.000000000000000000e+00   0.000000000000000000e+00 
  0.000000000000000000e+00   0.000000000000000000e+00 
  0.000000000000000000e+00   0.000000000000000000e+00 
  3.114139748432496023e-19   0.000000000000000000e+00 
  0.000000000000000000e+00   0.000000000000000000e+00 
  0.000000000000000000e+00   0.000000000000000000e+00 
  0.000000000000000000e+00   0.000000000000000000e+00 
 -1.000000000000000000e+00   0.000000000000000000e+00 
  0.000000000000000000e+00   0.000000000000000000e+00 
  3.957337929572091184e-18   0.000000000000000000e+00 
  0.000000000000000000e+00   0.000000000000000000e+00 
  0.000000000000000000e+00   0.000000000000000000e+00 
  0.000000000000000000e+00   0.000000000000000000e+00 
  0.000000000000000000e+00   0.000000000000000000e+00 
  0.000000000000000000e+00   0.000000000000000000e+00 
  0.000000000000000000e+00   0.000000000000000000e+00 
  0.000000000000000000e+00   0.000000000000000000e+00 
  0.000000000000000000e+00   0.000000000000000000e+00 
  0.000000000000000000e+00   0.000000000000000000e+00 
  0.000000000000000000e+00   0.000000000000000000e+00 
  0.000000000000000000e+00   0.000000000000000000e+00 
  0.000000000000000000e+00   0.000000000000000000e+00 
  0.000000000000000000e+00   0.000000000000000000e+00 
 -3.200821112977789691e-18   0.000000000000000000e+00 
  0.000000000000000000e+00   0.000000000000000000e+00 
  0.000000000000000000e+00   0.000000000000000000e+00 
  0.000000000000000000e+00   0.000000000000000000e+00 
 -1.161487827884914091e-19   0.000000000000000000e+00 
  0.000000000000000000e+00   0.000000000000000000e+00 
  3.856498426408237942e-21   0.000000000000000000e+00 
