    0.0000000000000000e+00    0.0000000000000000e+00
2
28 5 
    0.0000000000000000e+00    0.0000000000000000e+00
    0.0000000000000000e+00    0.0000000000000000e+00
    0.0000000000000000e+00    0.0000000000000000e+00
    0.0000000000000000e+00    0.0000000000000000e+00
    0.0000000000000000e+00    0.0000000000000000e+00
    0.0000000000000000e+00    0.0000000000000000e+00
    0.0000000000000000e+00    0.0000000000000000e+00
    0.0000000000000000e+00    0.0000000000000000e+00
    0.0000000000000000e+00    0.0000000000000000e+00
    0.0000000000000000e+00    0.0000000000000000e+00
    0.0000000000000000e+00    0.0000000000000000e+00
    0.0000000000000000e+00    0.0000000000000000e+00
    0.0000000000000000e+00    0.0000000000000000e+00
    0.0000000000000000e+00    0.0000000000000000e+00
    6.1344135671693729e-02    0.0000000000000000e+00
    4.4826404810684468e-03    0.0000000000000000e+00
    3.6335074831366789e-04    0.0000000000000000e+00
    6.6751517815851671e-03    0.0000000000000000e+00
   -2.7191008892169723e-02    0.0000000000000000e+00
    3.5902058394718107e-04    0.0000000000000000e+00
    4.3183686908589413e-04    0.0000000000000000e+00
   -9.9769535361280270e-01    0.0000000000000000e+00
   -3.0761406943207626e-05    0.0000000000000000e+00
    2.2870602751855716e-04    0.0000000000000000e+00
   -5.2987786464795605e-03    0.0000000000000000e+00
    1.8634115024391813e-03    0.0000000000000000e+00
   -2.3466507274776810e-04    0.0000000000000000e+00
    2.1841785518219702e-03    0.0000000000000000e+00
   -6.1273339093313763e-02    0.0000000000000000e+00
   -4.5019314688473705e-03    0.0000000000000000e+00
   -8.0235402476926338e-04    0.0000000000000000e+00
   -7.5310418474742180e-03    0.0000000000000000e+00
    2.7304384938602409e-02    0.0000000000000000e+00
   -5.9044226418010362e-04    0.0000000000000000e+00
   -4.8142261804704216e-04    0.0000000000000000e+00
    9.9769149513272259e-01    0.0000000000000000e+00
   -9.4928115122964394e-05    0.0000000000000000e+00
    3.1072117249720437e-04    0.0000000000000000e+00
    5.0214067024907695e-03    0.0000000000000000e+00
   -3.9167985566540119e-04    0.0000000000000000e+00
    1.1289717978124614e-04    0.0000000000000000e+00
   -2.8345433706949085e-03    0.0000000000000000e+00
    0.0000000000000000e+00    0.0000000000000000e+00
    0.0000000000000000e+00    0.0000000000000000e+00
    0.0000000000000000e+00    0.0000000000000000e+00
    0.0000000000000000e+00    0.0000000000000000e+00
    0.0000000000000000e+00    0.0000000000000000e+00
    0.0000000000000000e+00    0.0000000000000000e+00
    0.0000000000000000e+00    0.0000000000000000e+00
    0.0000000000000000e+00    0.0000000000000000e+00
    0.0000000000000000e+00    0.0000000000000000e+00
    0.0000000000000000e+00    0.0000000000000000e+00
    0.0000000000000000e+00    0.0000000000000000e+00
    0.0000000000000000e+00    0.0000000000000000e+00
    0.0000000000000000e+00    0.0000000000000000e+00
    0.0000000000000000e+00    0.0000000000000000e+00
    0.0000000000000000e+00    0.0000000000000000e+00
    0.0000000000000000e+00    0.0000000000000000e+00
    0.0000000000000000e+00    0.0000000000000000e+00
    0.0000000000000000e+00    0.0000000000000000e+00
    0.0000000000000000e+00    0.0000000000000000e+00
    0.0000000000000000e+00    0.0000000000000000e+00
    0.0000000000000000e+00    0.0000000000000000e+00
    0.0000000000000000e+00    0.0000000000000000e+00
    0.0000000000000000e+00    0.0000000000000000e+00
    0.0000000000000000e+00    0.0000000000000000e+00
    0.0000000000000000e+00    0.0000000000000000e+00
    0.0000000000000000e+00    0.0000000000000000e+00
    0.0000000000000000e+00    0.0000000000000000e+00
    0.0000000000000000e+00    0.0000000000000000e+00
    4.5334201666423848e-04    0.0000000000000000e+00
   -8.4145497588759468e-03    0.0000000000000000e+00
    8.1930842742879106e-01    0.0000000000000000e+00
   -1.2221474353879465e-02    0.0000000000000000e+00
    1.6823396255620745e-05    0.0000000000000000e+00
    1.7341485198126092e-02    0.0000000000000000e+00
   -1.0556392389631141e-02    0.0000000000000000e+00
    6.0153267665978723e-04    0.0000000000000000e+00
   -2.6382968738613361e-02    0.0000000000000000e+00
    3.2252540780518191e-01    0.0000000000000000e+00
   -3.3655791497577615e-02    0.0000000000000000e+00
   -3.2604441189651295e-01    0.0000000000000000e+00
   -2.2437978942675962e-02    0.0000000000000000e+00
    3.3976604603717664e-01    0.0000000000000000e+00
   -1.1280784856855632e-03    0.0000000000000000e+00
   -8.3952139446310612e-03    0.0000000000000000e+00
    8.1931363860201389e-01    0.0000000000000000e+00
   -1.2236247447495333e-02    0.0000000000000000e+00
   -5.0968988545792706e-05    0.0000000000000000e+00
    1.7342546016410908e-02    0.0000000000000000e+00
   -1.0553250819327439e-02    0.0000000000000000e+00
    1.3678172608802173e-03    0.0000000000000000e+00
   -2.6387568554708002e-02    0.0000000000000000e+00
    3.2252180554675824e-01    0.0000000000000000e+00
   -3.2773304722911067e-02    0.0000000000000000e+00
   -3.2609854745293010e-01    0.0000000000000000e+00
   -2.2441002269742993e-02    0.0000000000000000e+00
    3.3978685315972601e-01    0.0000000000000000e+00
    0.0000000000000000e+00    0.0000000000000000e+00
    0.0000000000000000e+00    0.0000000000000000e+00
    0.0000000000000000e+00    0.0000000000000000e+00
    0.0000000000000000e+00    0.0000000000000000e+00
    0.0000000000000000e+00    0.0000000000000000e+00
    0.0000000000000000e+00    0.0000000000000000e+00
    0.0000000000000000e+00    0.0000000000000000e+00
    0.0000000000000000e+00    0.0000000000000000e+00
    0.0000000000000000e+00    0.0000000000000000e+00
    0.0000000000000000e+00    0.0000000000000000e+00
    0.0000000000000000e+00    0.0000000000000000e+00
    0.0000000000000000e+00    0.0000000000000000e+00
    0.0000000000000000e+00    0.0000000000000000e+00
    0.0000000000000000e+00    0.0000000000000000e+00
    0.0000000000000000e+00    0.0000000000000000e+00
    0.0000000000000000e+00    0.0000000000000000e+00
    0.0000000000000000e+00    0.0000000000000000e+00
    0.0000000000000000e+00    0.0000000000000000e+00
    0.0000000000000000e+00    0.0000000000000000e+00
    0.0000000000000000e+00    0.0000000000000000e+00
    0.0000000000000000e+00    0.0000000000000000e+00
    0.0000000000000000e+00    0.0000000000000000e+00
    0.0000000000000000e+00    0.0000000000000000e+00
    0.0000000000000000e+00    0.0000000000000000e+00
    0.0000000000000000e+00    0.0000000000000000e+00
    0.0000000000000000e+00    0.0000000000000000e+00
    0.0000000000000000e+00    0.0000000000000000e+00
    0.0000000000000000e+00    0.0000000000000000e+00
    9.5137526415377327e-01    0.0000000000000000e+00
    4.7002976147694962e-02    0.0000000000000000e+00
   -4.3397982196286737e-04    0.0000000000000000e+00
   -6.7589813936890482e-03    0.0000000000000000e+00
    2.3381714021690078e-02    0.0000000000000000e+00
   -4.4100958649838444e-04    0.0000000000000000e+00
   -7.2014736111517810e-04    0.0000000000000000e+00
    5.9592065340852235e-02    0.0000000000000000e+00
    1.0424175579438360e-03    0.0000000000000000e+00
    8.5362870628357054e-03    0.0000000000000000e+00
   -2.9623284106002662e-01    0.0000000000000000e+00
    1.8438312597365541e-02    0.0000000000000000e+00
    2.5041028547260341e-04    0.0000000000000000e+00
   -1.9064046982359306e-02    0.0000000000000000e+00
