0.203920021087  0.0  8  9  0   0
0.0  -0.203920021087  8  13  0   0 
0.203920021087  0.0  9  8  0   0 
0.263259615209  0.0  9  10  0   0 
0.0  -0.263259615209  9  12  0   0 
0.0  0.203920021087  9  14  0   0 
0.263259615209  0.0  10  9  0   0 
0.0  -0.407840042173  10  11  0   0 
0.0  0.263259615209  10  13  0   0 
0.0  -0.407840042173  11  10  0   0 
0.407840042173  0.0  11  12  0   0 
0.0  -0.263259615209  12  9  0   0 
0.407840042173  0.0  12  11  0   0 
0.263259615209  0.0  12  13  0   0 
0.0  -0.203920021087  13  8  0   0 
0.0  0.263259615209  13  10  0   0 
0.263259615209  0.0  13  12  0   0 
0.203920021087  0.0  13  14  0   0 
0.0  0.203920021087  14  9  0   0 
0.203920021087  0.0  14  13  0   0 
