1.80739390679  8  8  8  8
-0.440201338289  8  9  8  9
0.32604464114  8  10  8  10
-0.238759140626  8  11  8  11
0.32604464114  8  12  8  12
-0.440201338289  8  13  8  13
0.138129818899  8  14  8  14
0.926991230215  8  8  9  9
0.440201338289  8  9  9  8
-0.190679627549  8  9  9  10
0.0433039652433  8  10  9  9
-0.0335431072424  8  11  9  12
0.208114108269  8  12  9  11
0.0433039652433  8  12  9  13
-0.190679627549  8  13  9  12
-0.30207151939  8  13  9  14
0.631591621432  8  8  10  10
0.190679627549  8  9  10  9
0.32604464114  8  10  10  8
-0.135222115942  8  10  10  10
0.0335431072424  8  11  10  13
0.135222115942  8  12  10  12
-0.120828607756  8  12  10  14
-0.0872855005135  8  13  10  11
-0.190679627549  8  13  10  13
0.544306120919  8  8  11  11
0.0872855005135  8  9  11  12
0.208114108269  8  10  11  13
0.238759140626  8  11  11  8
0.208114108269  8  12  11  9
0.0872855005135  8  13  11  10
0.631591621432  8  8  12  12
-0.0872855005135  8  9  12  11
0.190679627549  8  9  12  13
0.135222115942  8  10  12  12
0.120828607756  8  10  12  14
0.0335431072424  8  11  12  9
0.32604464114  8  12  12  8
0.135222115942  8  12  12  10
0.190679627549  8  13  12  9
0.926991230215  8  8  13  13
-0.190679627549  8  9  13  12
0.30207151939  8  9  13  14
0.208114108269  8  10  13  11
-0.0433039652433  8  10  13  13
-0.0335431072424  8  11  13  10
0.0433039652433  8  12  13  9
0.440201338289  8  13  13  8
0.190679627549  8  13  13  10
1.53113426899  8  8  14  14
-0.30207151939  8  9  14  13
0.120828607756  8  10  14  12
-0.120828607756  8  12  14  10
0.30207151939  8  13  14  9
0.138129818899  8  14  14  8
0.440201338289  9  8  8  9
0.926991230215  9  9  8  8
0.0433039652433  9  9  8  10
-0.190679627549  9  10  8  9
0.208114108269  9  11  8  12
-0.0335431072424  9  12  8  11
-0.190679627549  9  12  8  13
0.0433039652433  9  13  8  12
-0.30207151939  9  14  8  13
-0.440201338289  9  8  9  8
0.190679627549  9  8  9  10
1.37096640423  9  9  9  9
0.190679627549  9  10  9  8
-0.341734802028  9  10  9  10
0.58790114268  9  11  9  11
-0.341734802028  9  12  9  12
-0.190679627549  9  12  9  14
0.194034997636  9  13  9  13
-0.190679627549  9  14  9  12
-0.440201338289  9  14  9  14
-0.190679627549  9  8  10  9
0.0433039652433  9  9  10  8
0.94935330171  9  9  10  10
0.341734802028  9  10  10  9
0.35705216237  9  11  10  12
-0.208114108269  9  11  10  14
-0.110915023214  9  12  10  11
-0.181242911634  9  12  10  13
0.0433039652433  9  13  10  14
-0.0872855005135  9  14  10  11
-0.190679627549  9  14  10  13
-0.0872855005135  9  8  11  12
0.893448122973  9  9  11  11
0.110915023214  9  10  11  12
-0.0335431072424  9  10  11  14
0.58790114268  9  11  11  9
0.0335431072424  9  12  11  8
0.110915023214  9  12  11  10
0.0872855005135  9  14  11  10
0.0872855005135  9  8  12  11
-0.190679627549  9  8  12  13
0.94935330171  9  9  12  12
-0.0433039652433  9  9  12  14
-0.110915023214  9  10  12  11
0.181242911634  9  10  12  13
0.208114108269  9  11  12  8
0.35705216237  9  11  12  10
0.341734802028  9  12  12  9
0.0433039652433  9  13  12  8
0.190679627549  9  14  12  9
0.190679627549  9  8  13  12
-0.30207151939  9  8  13  14
0.982896408952  9  9  13  13
-0.181242911634  9  10  13  12
0.190679627549  9  10  13  14
0.190679627549  9  12  13  8
0.181242911634  9  12  13  10
0.194034997636  9  13  13  9
0.30207151939  9  14  13  8
0.190679627549  9  14  13  10
0.30207151939  9  8  14  13
-0.0433039652433  9  9  14  12
0.926991230215  9  9  14  14
0.0335431072424  9  10  14  11
-0.190679627549  9  10  14  13
-0.208114108269  9  11  14  10
0.190679627549  9  12  14  9
0.0433039652433  9  13  14  10
0.440201338289  9  14  14  9
0.32604464114  10  8  8  10
0.190679627549  10  9  8  9
0.631591621432  10  10  8  8
-0.135222115942  10  10  8  10
-0.0872855005135  10  11  8  13
0.135222115942  10  12  8  12
0.0335431072424  10  13  8  11
-0.190679627549  10  13  8  13
-0.120828607756  10  14  8  12
0.0433039652433  10  8  9  9
-0.190679627549  10  9  9  8
0.341734802028  10  9  9  10
0.94935330171  10  10  9  9
-0.110915023214  10  11  9  12
-0.0872855005135  10  11  9  14
0.35705216237  10  12  9  11
-0.181242911634  10  13  9  12
-0.190679627549  10  13  9  14
-0.208114108269  10  14  9  11
0.0433039652433  10  14  9  13
0.32604464114  10  8  10  8
-0.135222115942  10  8  10  10
-0.341734802028  10  9  10  9
-0.135222115942  10  10  10  8
1.73756550638  10  10  10  10
-0.206587126347  10  11  10  11
-0.110915023214  10  11  10  13
0.437063306111  10  12  10  12
-0.135222115942  10  12  10  14
-0.110915023214  10  13  10  11
-0.341734802028  10  13  10  13
-0.135222115942  10  14  10  12
0.32604464114  10  14  10  14
0.208114108269  10  8  11  13
-0.110915023214  10  9  11  12
0.0335431072424  10  9  11  14
1.23710575317  10  10  11  11
-0.35705216237  10  10  11  13
0.206587126347  10  11  11  10
0.35705216237  10  12  11  9
-0.0335431072424  10  13  11  8
0.110915023214  10  13  11  10
-0.208114108269  10  14  11  9
0.135222115942  10  8  12  12
0.120828607756  10  8  12  14
0.110915023214  10  9  12  11
-0.181242911634  10  9  12  13
0.863438894159  10  10  12  12
-0.135222115942  10  10  12  14
0.110915023214  10  11  12  9
0.135222115942  10  12  12  8
0.437063306111  10  12  12  10
0.181242911634  10  13  12  9
-0.120828607756  10  14  12  8
-0.135222115942  10  14  12  10
0.208114108269  10  8  13  11
-0.0433039652433  10  8  13  13
0.181242911634  10  9  13  12
-0.190679627549  10  9  13  14
-0.35705216237  10  10  13  11
0.94935330171  10  10  13  13
0.0872855005135  10  11  13  8
0.110915023214  10  11  13  10
0.190679627549  10  13  13  8
0.341734802028  10  13  13  10
0.0433039652433  10  14  13  9
0.120828607756  10  8  14  12
-0.0335431072424  10  9  14  11
0.190679627549  10  9  14  13
-0.135222115942  10  10  14  12
0.631591621432  10  10  14  14
0.0872855005135  10  11  14  9
-0.135222115942  10  12  14  10
0.190679627549  10  13  14  9
0.32604464114  10  14  14  10
0.238759140626  11  8  8  11
0.208114108269  11  9  8  12
0.0872855005135  11  10  8  13
0.544306120919  11  11  8  8
0.0872855005135  11  12  8  9
0.208114108269  11  13  8  10
0.0335431072424  11  8  9  12
0.58790114268  11  9  9  11
0.110915023214  11  10  9  12
0.0872855005135  11  10  9  14
0.893448122973  11  11  9  9
-0.0872855005135  11  12  9  8
0.110915023214  11  12  9  10
-0.0335431072424  11  14  9  10
-0.0335431072424  11  8  10  13
0.35705216237  11  9  10  12
-0.208114108269  11  9  10  14
0.206587126347  11  10  10  11
0.110915023214  11  10  10  13
1.23710575317  11  11  10  10
-0.110915023214  11  12  10  9
0.208114108269  11  13  10  8
-0.35705216237  11  13  10  10
0.0335431072424  11  14  10  9
-0.238759140626  11  8  11  8
0.58790114268  11  9  11  9
-0.206587126347  11  10  11  10
1.65028000587  11  11  11  11
-0.206587126347  11  12  11  12
0.58790114268  11  13  11  13
-0.238759140626  11  14  11  14
-0.0335431072424  11  8  12  9
0.208114108269  11  9  12  8
0.35705216237  11  9  12  10
-0.110915023214  11  10  12  9
1.23710575317  11  11  12  12
0.206587126347  11  12  12  11
-0.110915023214  11  12  12  13
0.35705216237  11  13  12  12
0.208114108269  11  13  12  14
-0.0335431072424  11  14  12  13
0.0335431072424  11  8  13  10
-0.0872855005135  11  10  13  8
-0.110915023214  11  10  13  10
0.893448122973  11  11  13  13
0.110915023214  11  12  13  12
-0.0872855005135  11  12  13  14
0.58790114268  11  13  13  11
0.0335431072424  11  14  13  12
-0.208114108269  11  9  14  10
-0.0872855005135  11  10  14  9
0.544306120919  11  11  14  14
0.0872855005135  11  12  14  13
0.208114108269  11  13  14  12
0.238759140626  11  14  14  11
0.32604464114  12  8  8  12
0.0335431072424  12  9  8  11
0.190679627549  12  9  8  13
0.135222115942  12  10  8  12
-0.0872855005135  12  11  8  9
0.631591621432  12  12  8  8
0.135222115942  12  12  8  10
0.190679627549  12  13  8  9
0.120828607756  12  14  8  10
0.208114108269  12  8  9  11
0.0433039652433  12  8  9  13
0.341734802028  12  9  9  12
0.190679627549  12  9  9  14
0.35705216237  12  10  9  11
0.0872855005135  12  11  9  8
-0.110915023214  12  11  9  10
0.94935330171  12  12  9  9
-0.190679627549  12  13  9  8
0.181242911634  12  13  9  10
-0.0433039652433  12  14  9  9
0.135222115942  12  8  10  12
-0.120828607756  12  8  10  14
0.110915023214  12  9  10  11
0.181242911634  12  9  10  13
0.437063306111  12  10  10  12
-0.135222115942  12  10  10  14
0.110915023214  12  11  10  9
0.135222115942  12  12  10  8
0.863438894159  12  12  10  10
-0.181242911634  12  13  10  9
0.120828607756  12  14  10  8
-0.135222115942  12  14  10  10
0.208114108269  12  8  11  9
-0.0335431072424  12  9  11  8
-0.110915023214  12  9  11  10
0.35705216237  12  10  11  9
0.206587126347  12  11  11  12
1.23710575317  12  12  11  11
0.35705216237  12  12  11  13
-0.110915023214  12  13  11  12
-0.0335431072424  12  13  11  14
0.208114108269  12  14  11  13
0.32604464114  12  8  12  8
0.135222115942  12  8  12  10
-0.341734802028  12  9  12  9
0.135222115942  12  10  12  8
0.437063306111  12  10  12  10
-0.206587126347  12  11  12  11
0.110915023214  12  11  12  13
1.73756550638  12  12  12  12
0.135222115942  12  12  12  14
0.110915023214  12  13  12  11
-0.341734802028  12  13  12  13
0.135222115942  12  14  12  12
0.32604464114  12  14  12  14
0.0433039652433  12  8  13  9
-0.190679627549  12  9  13  8
-0.181242911634  12  9  13  10
-0.110915023214  12  11  13  12
0.0872855005135  12  11  13  14
0.35705216237  12  12  13  11
0.94935330171  12  12  13  13
0.341734802028  12  13  13  12
-0.190679627549  12  13  13  14
0.208114108269  12  14  13  11
0.0433039652433  12  14  13  13
-0.120828607756  12  8  14  10
-0.190679627549  12  9  14  9
-0.135222115942  12  10  14  10
-0.0872855005135  12  11  14  13
0.135222115942  12  12  14  12
0.631591621432  12  12  14  14
0.0335431072424  12  13  14  11
0.190679627549  12  13  14  13
0.32604464114  12  14  14  12
0.440201338289  13  8  8  13
0.0433039652433  13  9  8  12
-0.0335431072424  13  10  8  11
0.190679627549  13  10  8  13
0.208114108269  13  11  8  10
-0.190679627549  13  12  8  9
0.926991230215  13  13  8  8
-0.0433039652433  13  13  8  10
0.30207151939  13  14  8  9
0.190679627549  13  8  9  12
0.30207151939  13  8  9  14
0.194034997636  13  9  9  13
0.181242911634  13  10  9  12
0.190679627549  13  10  9  14
0.190679627549  13  12  9  8
-0.181242911634  13  12  9  10
0.982896408952  13  13  9  9
-0.30207151939  13  14  9  8
0.190679627549  13  14  9  10
0.0872855005135  13  8  10  11
0.190679627549  13  8  10  13
0.0433039652433  13  9  10  14
0.110915023214  13  10  10  11
0.341734802028  13  10  10  13
0.208114108269  13  11  10  8
-0.35705216237  13  11  10  10
0.181242911634  13  12  10  9
-0.0433039652433  13  13  10  8
0.94935330171  13  13  10  10
-0.190679627549  13  14  10  9
-0.0872855005135  13  8  11  10
0.0335431072424  13  10  11  8
-0.110915023214  13  10  11  10
0.58790114268  13  11  11  13
0.110915023214  13  12  11  12
0.0335431072424  13  12  11  14
0.893448122973  13  13  11  11
-0.0872855005135  13  14  11  12
-0.190679627549  13  8  12  9
0.0433039652433  13  9  12  8
-0.181242911634  13  10  12  9
0.35705216237  13  11  12  12
0.208114108269  13  11  12  14
-0.110915023214  13  12  12  11
0.341734802028  13  12  12  13
0.94935330171  13  13  12  12
0.0433039652433  13  13  12  14
0.0872855005135  13  14  12  11
-0.190679627549  13  14  12  13
-0.440201338289  13  8  13  8
-0.190679627549  13  8  13  10
0.194034997636  13  9  13  9
-0.190679627549  13  10  13  8
-0.341734802028  13  10  13  10
0.58790114268  13  11  13  11
-0.341734802028  13  12  13  12
0.190679627549  13  12  13  14
1.37096640423  13  13  13  13
0.190679627549  13  14  13  12
-0.440201338289  13  14  13  14
-0.30207151939  13  8  14  9
0.0433039652433  13  9  14  10
-0.190679627549  13  10  14  9
0.208114108269  13  11  14  12
-0.0335431072424  13  12  14  11
-0.190679627549  13  12  14  13
0.0433039652433  13  13  14  12
0.926991230215  13  13  14  14
0.440201338289  13  14  14  13
0.138129818899  14  8  8  14
0.30207151939  14  9  8  13
-0.120828607756  14  10  8  12
0.120828607756  14  12  8  10
-0.30207151939  14  13  8  9
1.53113426899  14  14  8  8
0.190679627549  14  9  9  12
0.440201338289  14  9  9  14
-0.208114108269  14  10  9  11
0.0433039652433  14  10  9  13
0.0335431072424  14  11  9  10
-0.0433039652433  14  12  9  9
0.30207151939  14  13  9  8
-0.190679627549  14  13  9  10
0.926991230215  14  14  9  9
0.0872855005135  14  9  10  11
0.190679627549  14  9  10  13
-0.135222115942  14  10  10  12
0.32604464114  14  10  10  14
-0.0335431072424  14  11  10  9
0.120828607756  14  12  10  8
-0.135222115942  14  12  10  10
0.190679627549  14  13  10  9
0.631591621432  14  14  10  10
-0.0872855005135  14  9  11  10
-0.208114108269  14  10  11  9
0.238759140626  14  11  11  14
0.208114108269  14  12  11  13
0.0872855005135  14  13  11  12
0.544306120919  14  14  11  11
-0.190679627549  14  9  12  9
-0.120828607756  14  10  12  8
-0.135222115942  14  10  12  10
0.0335431072424  14  11  12  13
0.135222115942  14  12  12  12
0.32604464114  14  12  12  14
-0.0872855005135  14  13  12  11
0.190679627549  14  13  12  13
0.631591621432  14  14  12  12
-0.30207151939  14  9  13  8
-0.190679627549  14  9  13  10
0.0433039652433  14  10  13  9
-0.0335431072424  14  11  13  12
0.208114108269  14  12  13  11
0.0433039652433  14  12  13  13
-0.190679627549  14  13  13  12
0.440201338289  14  13  13  14
0.926991230215  14  14  13  13
0.138129818899  14  8  14  8
-0.440201338289  14  9  14  9
0.32604464114  14  10  14  10
-0.238759140626  14  11  14  11
0.32604464114  14  12  14  12
-0.440201338289  14  13  14  13
1.80739390679  14  14  14  14
