&FCI NORB= 28,NELEC= 5,MS2= 1,
ORBSYM=0,0,0,0,0,0,0,0,0,0,0,0,0,0,0,0,0,0,0,0,0,0,0,0,0,0,0,0
UHF=True
/
-9.34150353478  0.0  1  1  0   0 
0.00836958371699  0.0  1  2  0   0 
-4.17145724899e-06  0.0  1  3  0   0 
1.47519856079  0.0  1  8  0   0 
-0.00173997021368  0.0  1  9  0   0 
0.00428280379227  0.0  1  10  0   0 
0.816807725811  0.0  1  11  0   0 
-0.0455240296395  0.0  1  12  0   0 
-0.00584325507779  0.0  1  13  0   0 
0.0259034051384  0.0  1  14  0   0 
0.00836958371699  0.0  2  1  0   0 
-9.14001561926  0.0  2  2  0   0 
-0.00033745548596  0.0  2  3  0   0 
0.110641500008  0.0  2  8  0   0 
0.0249062090866  0.0  2  9  0   0 
-0.380752913746  0.0  2  10  0   0 
0.0702652501466  0.0  2  11  0   0 
-0.104634584903  0.0  2  12  0   0 
0.0643955676693  0.0  2  13  0   0 
0.287646885248  0.0  2  14  0   0 
-4.17145724899e-06  0.0  3  1  0   0 
-0.00033745548596  0.0  3  2  0   0 
-8.59032268234  0.0  3  3  0   0 
0.0175424313992  0.0  3  8  0   0 
0.0670622355121  0.0  3  9  0   0 
-0.782782629284  0.0  3  10  0   0 
0.0968813473403  0.0  3  11  0   0 
0.995178242523  0.0  3  12  0   0 
0.063146037292  0.0  3  13  0   0 
-0.906642464182  0.0  3  14  0   0 
-6.1900734102  0.0  4  4  0   0 
0.205528322546  0.0  4  8  0   0 
-0.0343258226216  0.0  4  9  0   0 
0.303383342731  0.0  4  10  0   0 
-0.0200961010896  0.0  4  11  0   0 
0.131771955198  0.0  4  12  0   0 
-0.0923412833204  0.0  4  13  0   0 
-0.0474182589785  0.0  4  14  0   0 
-1.10403183351  0.0  5  5  0   0 
-0.886984264679  0.0  5  8  0   0 
0.00226353058063  0.0  5  9  0   0 
0.000380357437706  0.0  5  10  0   0 
0.484380619214  0.0  5  11  0   0 
-0.0287578986592  0.0  5  12  0   0 
-0.00533110528767  0.0  5  13  0   0 
0.0234397495339  0.0  5  14  0   0 
0.104573108388  0.0  6  6  0   0 
0.00653739433929  0.0  6  7  0   0 
0.0196730814657  0.0  6  8  0   0 
0.00472376546587  0.0  6  9  0   0 
-0.0193287097953  0.0  6  10  0   0 
0.0186239717228  0.0  6  11  0   0 
0.408234740822  0.0  6  12  0   0 
-0.00687965418835  0.0  6  13  0   0 
-0.0873443032454  0.0  6  14  0   0 
0.00653739433929  0.0  7  6  0   0 
0.121149731174  0.0  7  7  0   0 
0.0168826414869  0.0  7  8  0   0 
-0.00951769277974  0.0  7  9  0   0 
0.0275447738774  0.0  7  10  0   0 
-0.037287261351  0.0  7  11  0   0 
-0.0836173578858  0.0  7  12  0   0 
-0.0508716754885  0.0  7  13  0   0 
0.18986449026  0.0  7  14  0   0 
1.47519856079  0.0  8  1  0   0 
0.110641500008  0.0  8  2  0   0 
0.0175424313992  0.0  8  3  0   0 
0.205528322546  0.0  8  4  0   0 
-0.886984264679  0.0  8  5  0   0 
0.0196730814657  0.0  8  6  0   0 
0.0168826414869  0.0  8  7  0   0 
-33.0753889951  0.0  8  8  0   0 
0.00218241128086  0.0  8  9  0   0 
-0.00820683106101  0.0  8  10  0   0 
-0.0965885980187  0.0  8  11  0   0 
0.0100298322609  0.0  8  12  0   0 
-0.00360376004127  0.0  8  13  0   0 
0.0752787224919  0.4995  8  14  0   0 
-0.00173997021368  0.0  9  1  0   0 
0.0249062090866  0.0  9  2  0   0 
0.0670622355121  0.0  9  3  0   0 
-0.0343258226216  0.0  9  4  0   0 
0.00226353058063  0.0  9  5  0   0 
0.00472376546587  0.0  9  6  0   0 
-0.00951769277974  0.0  9  7  0   0 
0.00218241128086  0.0  9  8  0   0 
-7.16163932493  0.0  9  9  0   0 
0.010361693882  0.0  9  10  0   0 
0.00703332110319  0.0  9  11  0   0 
-0.00219560868634  0.0  9  12  0   0 
-0.00574121884532  0.333  9  13  0   0 
0.00275002512464  0.0  9  14  0   0 
0.00428280379227  0.0  10  1  0   0 
-0.380752913746  0.0  10  2  0   0 
-0.782782629284  0.0  10  3  0   0 
0.303383342731  0.0  10  4  0   0 
0.000380357437706  0.0  10  5  0   0 
-0.0193287097953  0.0  10  6  0   0 
0.0275447738774  0.0  10  7  0   0 
-0.00820683106101  0.0  10  8  0   0 
0.010361693882  0.0  10  9  0   0 
-7.24474974658  0.0  10  10  0   0 
0.0191131362848  0.0  10  11  0   0 
0.1036464339  0.1665  10  12  0   0 
0.0179264046811  0.0  10  13  0   0 
-0.0935825299634  0.0  10  14  0   0 
0.816807725811  0.0  11  1  0   0 
0.0702652501466  0.0  11  2  0   0 
0.0968813473403  0.0  11  3  0   0 
-0.0200961010896  0.0  11  4  0   0 
0.484380619214  0.0  11  5  0   0 
0.0186239717228  0.0  11  6  0   0 
-0.037287261351  0.0  11  7  0   0 
-0.0965885980187  0.0  11  8  0   0 
0.00703332110319  0.0  11  9  0   0 
0.0191131362848  0.0  11  10  0   0 
-6.61775437634  0.0  11  11  0   0 
-0.0128058084182  0.0  11  12  0   0 
-0.0041937912295  0.0  11  13  0   0 
0.0109354650589  0.0  11  14  0   0 
-0.0455240296395  0.0  12  1  0   0 
-0.104634584903  0.0  12  2  0   0 
0.995178242523  0.0  12  3  0   0 
0.131771955198  0.0  12  4  0   0 
-0.0287578986592  0.0  12  5  0   0 
0.408234740822  0.0  12  6  0   0 
-0.0836173578858  0.0  12  7  0   0 
0.0100298322609  0.0  12  8  0   0 
-0.00219560868634  0.0  12  9  0   0 
0.1036464339  -0.1665  12  10  0   0 
-0.0128058084182  0.0  12  11  0   0 
-6.77645423814  0.0  12  12  0   0 
-0.00501047987813  0.0  12  13  0   0 
0.0391505564883  0.0  12  14  0   0 
-0.00584325507779  0.0  13  1  0   0 
0.0643955676693  0.0  13  2  0   0 
0.063146037292  0.0  13  3  0   0 
-0.0923412833204  0.0  13  4  0   0 
-0.00533110528767  0.0  13  5  0   0 
-0.00687965418835  0.0  13  6  0   0 
-0.0508716754885  0.0  13  7  0   0 
-0.00360376004127  0.0  13  8  0   0 
-0.00574121884532  -0.333  13  9  0   0 
0.0179264046811  0.0  13  10  0   0 
-0.0041937912295  0.0  13  11  0   0 
-0.00501047987813  0.0  13  12  0   0 
-7.11741099646  0.0  13  13  0   0 
-0.0242271964547  0.0  13  14  0   0 
0.0259034051384  0.0  14  1  0   0 
0.287646885248  0.0  14  2  0   0 
-0.906642464182  0.0  14  3  0   0 
-0.0474182589785  0.0  14  4  0   0 
0.0234397495339  0.0  14  5  0   0 
-0.0873443032454  0.0  14  6  0   0 
0.18986449026  0.0  14  7  0   0 
0.0752787224919  -0.4995  14  8  0   0 
0.00275002512464  0.0  14  9  0   0 
-0.0935825299634  0.0  14  10  0   0 
0.0109354650589  0.0  14  11  0   0 
0.0391505564883  0.0  14  12  0   0 
-0.0242271964547  0.0  14  13  0   0 
-7.11653688925  0.0  14  14  0   0 
0.0000000000000  0.0  0  0  0  0
-9.34171448427  0.0  1  1  0   0 
0.0083795346549  0.0  1  2  0   0 
-4.11641000437e-06  0.0  1  3  0   0 
1.47709701423  0.0  1  8  0   0 
-0.00154838788984  0.0  1  9  0   0 
0.00409698440306  0.0  1  10  0   0 
0.817397085787  0.0  1  11  0   0 
-0.048125864628  0.0  1  12  0   0 
-0.00571704300587  0.0  1  13  0   0 
0.0275519580443  0.0  1  14  0   0 
0.0083795346549  0.0  2  1  0   0 
-9.13998510214  0.0  2  2  0   0 
-0.000336983019827  0.0  2  3  0   0 
0.109628988233  0.0  2  8  0   0 
0.0249183545753  0.0  2  9  0   0 
-0.380751034553  0.0  2  10  0   0 
0.0709536139338  0.0  2  11  0   0 
-0.104951772474  0.0  2  12  0   0 
0.06439671753  0.0  2  13  0   0 
0.287873515286  0.0  2  14  0   0 
-4.11641000437e-06  0.0  3  1  0   0 
-0.000336983019827  0.0  3  2  0   0 
-8.59031438572  0.0  3  3  0   0 
0.00820228108237  0.0  3  8  0   0 
0.0670683287627  0.0  3  9  0   0 
-0.782846263571  0.0  3  10  0   0 
0.0982516481709  0.0  3  11  0   0 
0.995072638844  0.0  3  12  0   0 
0.0631477188934  0.0  3  13  0   0 
-0.906553998251  0.0  3  14  0   0 
-6.18972383726  0.0  4  4  0   0 
0.182626021399  0.0  4  8  0   0 
-0.0342944912498  0.0  4  9  0   0 
0.303221880881  0.0  4  10  0   0 
-0.01914126982  0.0  4  11  0   0 
0.131433676178  0.0  4  12  0   0 
-0.0923420214073  0.0  4  13  0   0 
-0.0472041281483  0.0  4  14  0   0 
-1.10376100948  0.0  5  5  0   0 
-0.883725406958  0.0  5  8  0   0 
0.00212945651893  0.0  5  9  0   0 
0.000546457406145  0.0  5  10  0   0 
0.482218770429  0.0  5  11  0   0 
-0.0270268495084  0.0  5  12  0   0 
-0.00523563008455  0.0  5  13  0   0 
0.0222720764875  0.0  5  14  0   0 
0.104579914345  0.0  6  6  0   0 
0.00654194163829  0.0  6  7  0   0 
0.0125412811924  0.0  6  8  0   0 
0.00472473743925  0.0  6  9  0   0 
-0.019324980872  0.0  6  10  0   0 
0.0186816718023  0.0  6  11  0   0 
0.408191865431  0.0  6  12  0   0 
-0.0068819062591  0.0  6  13  0   0 
-0.0873199724006  0.0  6  14  0   0 
0.00654194163829  0.0  7  6  0   0 
0.121152090354  0.0  7  7  0   0 
0.0150019436866  0.0  7  8  0   0 
-0.0095121614507  0.0  7  9  0   0 
0.0275446229811  0.0  7  10  0   0 
-0.0371037903042  0.0  7  11  0   0 
-0.0836634008676  0.0  7  12  0   0 
-0.0508759360191  0.0  7  13  0   0 
0.18990038076  0.0  7  14  0   0 
1.47709701423  0.0  8  1  0   0 
0.109628988233  0.0  8  2  0   0 
0.00820228108237  0.0  8  3  0   0 
0.182626021399  0.0  8  4  0   0 
-0.883725406958  0.0  8  5  0   0 
0.0125412811924  0.0  8  6  0   0 
0.0150019436866  0.0  8  7  0   0 
-33.084112196  0.0  8  8  0   0 
-0.00108330532491  0.0  8  9  0   0 
0.00610773742554  0.0  8  10  0   0 
-0.103848484053  0.0  8  11  0   0 
0.0481916573639  0.0  8  12  0   0 
-0.00670981839631  0.0  8  13  0   0 
0.0588903366589  -0.4995  8  14  0   0 
-0.00154838788984  0.0  9  1  0   0 
0.0249183545753  0.0  9  2  0   0 
0.0670683287627  0.0  9  3  0   0 
-0.0342944912498  0.0  9  4  0   0 
0.00212945651893  0.0  9  5  0   0 
0.00472473743925  0.0  9  6  0   0 
-0.0095121614507  0.0  9  7  0   0 
-0.00108330532491  0.0  9  8  0   0 
-7.16163932493  0.0  9  9  0   0 
0.010361693882  0.0  9  10  0   0 
0.00703332110319  0.0  9  11  0   0 
-0.00219560868634  0.0  9  12  0   0 
-0.00574121884532  -0.333  9  13  0   0 
0.00275002512464  0.0  9  14  0   0 
0.00409698440306  0.0  10  1  0   0 
-0.380751034553  0.0  10  2  0   0 
-0.782846263571  0.0  10  3  0   0 
0.303221880881  0.0  10  4  0   0 
0.000546457406144  0.0  10  5  0   0 
-0.019324980872  0.0  10  6  0   0 
0.0275446229811  0.0  10  7  0   0 
0.00610773742554  0.0  10  8  0   0 
0.010361693882  0.0  10  9  0   0 
-7.24474974658  0.0  10  10  0   0 
0.0191131362848  0.0  10  11  0   0 
0.1036464339  -0.1665  10  12  0   0 
0.0179264046811  0.0  10  13  0   0 
-0.0935825299634  0.0  10  14  0   0 
0.817397085787  0.0  11  1  0   0 
0.0709536139338  0.0  11  2  0   0 
0.0982516481709  0.0  11  3  0   0 
-0.01914126982  0.0  11  4  0   0 
0.482218770429  0.0  11  5  0   0 
0.0186816718023  0.0  11  6  0   0 
-0.0371037903042  0.0  11  7  0   0 
-0.103848484053  0.0  11  8  0   0 
0.00703332110319  0.0  11  9  0   0 
0.0191131362848  0.0  11  10  0   0 
-6.61775437634  0.0  11  11  0   0 
-0.0128058084182  0.0  11  12  0   0 
-0.0041937912295  0.0  11  13  0   0 
0.0109354650589  0.0  11  14  0   0 
-0.048125864628  0.0  12  1  0   0 
-0.104951772474  0.0  12  2  0   0 
0.995072638844  0.0  12  3  0   0 
0.131433676178  0.0  12  4  0   0 
-0.0270268495084  0.0  12  5  0   0 
0.408191865431  0.0  12  6  0   0 
-0.0836634008676  0.0  12  7  0   0 
0.0481916573639  0.0  12  8  0   0 
-0.00219560868634  0.0  12  9  0   0 
0.1036464339  0.1665  12  10  0   0 
-0.0128058084182  0.0  12  11  0   0 
-6.77645423814  0.0  12  12  0   0 
-0.00501047987812  0.0  12  13  0   0 
0.0391505564883  0.0  12  14  0   0 
-0.00571704300587  0.0  13  1  0   0 
0.06439671753  0.0  13  2  0   0 
0.0631477188934  0.0  13  3  0   0 
-0.0923420214073  0.0  13  4  0   0 
-0.00523563008455  0.0  13  5  0   0 
-0.0068819062591  0.0  13  6  0   0 
-0.0508759360191  0.0  13  7  0   0 
-0.00670981839631  0.0  13  8  0   0 
-0.00574121884532  0.333  13  9  0   0 
0.0179264046811  0.0  13  10  0   0 
-0.0041937912295  0.0  13  11  0   0 
-0.00501047987812  0.0  13  12  0   0 
-7.11741099646  0.0  13  13  0   0 
-0.0242271964547  0.0  13  14  0   0 
0.0275519580443  0.0  14  1  0   0 
0.287873515286  0.0  14  2  0   0 
-0.906553998251  0.0  14  3  0   0 
-0.0472041281483  0.0  14  4  0   0 
0.0222720764875  0.0  14  5  0   0 
-0.0873199724006  0.0  14  6  0   0 
0.18990038076  0.0  14  7  0   0 
0.0588903366589  0.4995  14  8  0   0 
0.00275002512464  0.0  14  9  0   0 
-0.0935825299634  0.0  14  10  0   0 
0.0109354650589  0.0  14  11  0   0 
0.0391505564883  0.0  14  12  0   0 
-0.0242271964547  0.0  14  13  0   0 
-7.11653688925  0.0  14  14  0   0 
0.0000000000000  0.0  0  0  0  0
0.203920021087  0.0  8  9  0   0 
0.0  -0.203920021087  8  13  0   0 
0.203920021087  0.0  9  8  0   0 
0.263259615209  0.0  9  10  0   0 
0.0  -0.263259615209  9  12  0   0 
0.0  0.203920021087  9  14  0   0 
0.263259615209  0.0  10  9  0   0 
0.0  -0.407840042173  10  11  0   0 
0.0  0.263259615209  10  13  0   0 
0.0  -0.407840042173  11  10  0   0 
0.407840042173  0.0  11  12  0   0 
0.0  -0.263259615209  12  9  0   0 
0.407840042173  0.0  12  11  0   0 
0.263259615209  0.0  12  13  0   0 
0.0  -0.203920021087  13  8  0   0 
0.0  0.263259615209  13  10  0   0 
0.263259615209  0.0  13  12  0   0 
0.203920021087  0.0  13  14  0   0 
0.0  0.203920021087  14  9  0   0 
0.203920021087  0.0  14  13  0   0 
